0.111111
0.112
0.112888
0.113775
0.114662
0.115547
0.116431
0.117315
0.118198
0.119079
0.11996
0.12084
0.12172
0.122598
0.123475
0.124352
0.125227
0.126102
0.126976
0.127849
0.128721
0.129592
0.130462
0.131332
0.1322
0.133068
0.133934
0.1348
0.135665
0.136529
0.137392
0.138254
0.139115
0.139976
0.140835
0.141694
0.142551
0.143408
0.144264
0.145119
0.145973
0.146826
0.147679
0.14853
0.14938
0.15023
0.151079
0.151926
0.152773
0.153619
0.154464
0.155308
0.156151
0.156993
0.157835
0.158675
0.159514
0.160353
0.16119
0.162027
0.162863
0.163698
0.164532
0.165365
0.166197
0.167028
0.167858
0.168687
0.169515
0.170343
0.171169
0.171995
0.172819
0.173643
0.174465
0.175287
0.176108
0.176928
0.177746
0.178564
0.179381
0.180197
0.181012
0.181826
0.182639
0.183451
0.184262
0.185072
0.185882
0.18669
0.187497
0.188303
0.189108
0.189913
0.190716
0.191518
0.192319
0.19312
0.193919
0.194717
0.195515
0.196311
0.197106
0.1979
0.198694
0.199486
0.200277
0.201067
0.201856
0.202645
0.203432
0.204218
0.205003
0.205787
0.20657
0.207352
0.208132
0.208912
0.209691
0.210468
0.211237
0.211997
0.21275
0.213494
0.214232
0.214961
0.215684
0.2164
0.217109
0.217811
0.218506
0.219196
0.219879
0.220556
0.221226
0.221891
0.22255
0.223204
0.223851
0.224494
0.225131
0.225763
0.22639
0.227012
0.227629
0.228242
0.22885
0.229453
0.230051
0.230646
0.231236
0.231823
0.232405
0.232983
0.233557
0.234127
0.234694
0.235258
0.235817
0.236374
0.236927
0.237476
0.238023
0.238566
0.239107
0.239644
0.240179
0.240711
0.241241
0.241768
0.242292
0.242813
0.243333
0.24385
0.244365
0.244878
0.245389
0.245897
0.246404
0.246909
0.247413
0.247914
0.248414
0.248913
0.24941
0.249905
0.250399
0.250892
0.251384
0.251874
0.252363
0.252851
0.253339
0.253825
0.25431
0.254795
0.25528
0.255763
0.256246
0.256728
0.257211
0.257692
0.258173
0.258654
0.259135
0.259615
0.260095
0.260576
0.261056
0.261536
0.262017
0.262497
0.262978
0.263459
0.26394
0.264422
0.264904
0.265387
0.26587
0.266354
0.266838
0.267324
0.267809
0.268296
0.268784
0.269272
0.269761
0.270252
0.270743
0.271236
0.271729
0.272224
0.272721
0.273218
0.273717
0.274217
0.274718
0.275222
0.275726
0.276232
0.27674
0.27725
0.277761
0.278274
0.278789
0.279306
0.279825
0.280345
0.280868
0.281392
0.281919
0.282448
0.282979
0.283512
0.284048
0.284586
0.285126
0.285669
0.286214
0.286762
0.287312
0.287865
0.28842
0.288979
0.289539
0.290103
0.290669
0.291239
0.291811
0.292386
0.292964
0.293545
0.294129
0.294716
0.295306
0.2959
0.296497
0.297096
0.2977
0.298306
0.298916
0.299529
0.300146
0.300766
0.30139
0.302017
0.302648
0.303282
0.30392
0.304562
0.305207
0.305856
0.306509
0.307166
0.307826
0.30849
0.309158
0.30983
0.310506
0.311186
0.31187
0.312558
0.31325
0.313946
0.314646
0.315349
0.316057
0.316769
0.317485
0.318204
0.318928
0.319656
0.320388
0.321091
0.321798
0.322508
0.323221
0.323939
0.324661
0.325386
0.326082
0.326781
0.327482
0.328188
0.328896
0.329608
0.330324
0.331043
0.331766
0.332492
0.333221
0.333954
0.334691
0.335431
0.336175
0.336923
0.337674
0.338428
0.339155
0.339883
0.340614
0.341346
0.342081
0.342818
0.343557
0.344298
0.345041
0.345787
0.346535
0.347285
0.348038
0.348793
0.34955
0.35031
0.351073
0.351838
0.352605
0.353376
0.354149
0.354925
0.355704
0.356485
0.35727
0.358022
0.358775
0.359528
0.360283
0.361038
0.361795
0.362552
0.363311
0.364071
0.364833
0.365595
0.36636
0.367125
0.367893
0.368662
0.369432
0.370205
0.370979
0.371755
0.372533
0.373313
0.374095
0.374879
0.375665
0.376453
0.377243
0.378036
0.378831
0.379628
0.380427
0.381229
0.382034
0.382841
0.38365
0.384462
0.385276
0.386093
0.386912
0.387676
0.38844
0.389205
0.389971
0.390738
0.391505
0.392274
0.393044
0.393815
0.394587
0.39536
0.396134
0.396909
0.397686
0.398464
0.399242
0.400022
0.400803
0.401585
0.402368
0.403152
0.403938
0.404725
0.405513
0.406302
0.407094
0.407886
0.40868
0.409475
0.410273
0.411072
0.411874
0.412677
0.413483
0.414289
0.415099
0.41591
0.416726
0.417544
0.418364
0.419188
0.419938
0.420687
0.421438
0.422189
0.422939
0.423692
0.424444
0.425197
0.425951
0.426706
0.427463
0.428221
0.428981
0.429742
0.430505
0.431269
0.432034
0.432801
0.43357
0.434341
0.435114
0.435889
0.436665
0.437444
0.438225
0.439009
0.439795
0.440584
0.441374
0.442168
0.442963
0.44376
0.444559
0.445361
0.446165
0.446971
0.447779
0.448589
0.449401
0.450215
0.451031
0.451849
0.452669
0.453491
0.454315
0.455141
0.455968
0.456796
0.457627
0.458459
0.459292
0.460127
0.460964
0.461802
0.462642
0.463483
0.464325
0.465167
0.466011
0.466857
0.467704
0.468553
0.469352
0.47015
0.470947
0.471744
0.472539
0.473334
0.474127
0.47492
0.475712
0.476504
0.477294
0.478084
0.478872
0.47966
0.480448
0.481235
0.48202
0.482805
0.48359
0.484373
0.485156
0.485938
0.486719
0.487499
0.488279
0.489057
0.489835
0.490612
0.491388
0.492163
0.492938
0.493712
0.494485
0.495257
0.496028
0.496799
0.497569
0.498338
0.499106
0.499874
0.50064
0.501406
0.502171
0.502935
0.503698
0.50446
0.505222
0.505982
0.506742
0.5075
0.508258
0.509015
0.509771
0.510526
0.51128
0.512033
0.512785
0.513536
0.514286
0.515035
0.515782
0.516529
0.517275
0.518019
0.518762
0.519505
0.520246
0.520985
0.521724
0.52246
0.523196
0.523931
0.524664
0.525396
0.526127
0.526857
0.527585
0.528311
0.529037
0.52976
0.530481
0.531201
0.531918
0.532633
0.533346
0.534057
0.534768
0.535475
0.536182
0.536886
0.53759
0.538291
0.538991
0.539691
0.540392
0.541092
0.541794
0.542497
0.543199
0.543902
0.544606
0.545311
0.546017
0.546727
0.547443
0.548166
0.548892
0.549622
0.550355
0.551089
0.551823
0.552563
0.553305
0.554053
0.554805
0.555561
0.55632
0.557084
0.557854
0.558626
0.559403
0.560184
0.560968
0.561756
0.562548
0.563343
0.564142
0.564944
0.56575
0.566559
0.567371
0.568185
0.569003
0.569824
0.570647
0.571473
0.572302
0.573134
0.573968
0.574804
0.575643
0.576484
0.577328
0.578174
0.579022
0.579872
0.580725
0.581579
0.582436
0.583295
0.584155
0.585018
0.585882
0.586749
0.587617
0.588487
0.589358
0.590232
0.591106
0.591983
0.592861
0.593741
0.594622
0.595505
0.596389
0.597275
0.598162
0.59905
0.59994
0.600831
0.601723
0.602617
0.603512
0.604408
0.605305
0.606204
0.607103
0.608004
0.608906
0.609809
0.610713
0.611618
0.612524
0.613431
0.61434
0.615249
0.616159
0.61707
0.617982
0.618895
0.619808
0.620723
0.621638
0.622473
0.623307
0.624141
0.624973
0.625805
0.626637
0.627467
0.628297
0.629127
0.629955
0.630783
0.631611
0.632438
0.633264
0.634089
0.634914
0.635738
0.636562
0.637385
0.638208
0.63903
0.639851
0.640672
0.641492
0.642311
0.64313
0.643949
0.644767
0.645584
0.646401
0.647217
0.648032
0.648847
0.649662
0.650476
0.651289
0.652102
0.652914
0.653726
0.654537
0.655348
0.656158
0.656968
0.657777
0.658586
0.659394
0.660202
0.66101
0.661816
0.662623
0.663428
0.664234
0.665039
0.665843
0.666647
0.667451
0.668254
0.669057
0.669859
0.670661
0.671462
0.672263
0.673063
0.673864
0.674663
0.675462
0.676261
0.67706
0.677857
0.678655
0.679452
0.680249
0.681045
0.68184
0.682636
0.683431
0.684225
0.685019
0.685813
0.686606
0.687399
0.688191
0.688983
0.689775
0.690566
0.691356
0.692147
0.692937
0.693726
0.694515
0.695304
0.696092
0.69688
0.697667
0.698454
0.69924
0.700027
0.700812
0.701597
0.702382
0.703166
0.70395
0.704734
0.705517
0.706299
0.707082
0.707863
0.708644
0.709425
0.710205
0.710985
0.711765
0.712544
0.713322
0.7141
0.714878
0.715655
0.716431
0.717207
0.717983
0.718758
0.719533
0.720307
0.721081
0.721854
0.722627
0.723399
0.724171
0.724942
0.725712
0.726483
0.727252
0.728021
0.72879
0.729558
0.730326
0.731093
0.731859
0.732625
0.73339
0.734155
0.734919
0.735683
0.736446
0.737209
0.737971
0.738732
0.739493
0.740253
0.741012
0.741771
0.74253
0.743287
0.744044
0.744801
0.745557
0.746312
0.747066
0.74782
0.748573
0.749325
0.750077
0.750828
0.751579
0.752328
0.753077
0.753825
0.754573
0.75532
0.756066
0.756811
0.757555
0.758299
0.759042
0.759784
0.760525
0.761265
0.762005
0.762744
0.763482
0.764218
0.764955
0.76569
0.766424
0.767157
0.76789
0.768621
0.769351
0.770081
0.770809
0.771536
0.772263
0.772988
0.773712
0.774434
0.775156
0.775876
0.776596
0.777314
0.77803
0.778746
0.77946
0.780172
0.780884
0.781594
0.782302
0.783009
0.783714
0.784418
0.78512
0.78582
0.786519
0.787216
0.787911
0.788604
0.789295
0.78998
0.790658
0.791329
0.791992
0.792648
0.793296
0.793937
0.794571
0.795198
0.795817
0.796429
0.797033
0.797631
0.798221
0.798805
0.79938
0.799949
0.800511
0.801066
0.801613
0.802154
0.802687
0.803214
0.803733
0.804246
0.804751
0.80525
0.805741
0.806226
0.806704
0.807175
0.807639
0.808096
0.808546
0.80899
0.809427
0.809857
0.81028
0.810696
0.811106
0.81151
0.811907
0.812299
0.812684
0.813063
0.813436
0.813803
0.814164
0.81452
0.814868
0.815212
0.815548
0.81588
0.816205
0.816524
0.816837
0.817144
0.817446
0.817743
0.818034
0.81832
0.818602
0.818881
0.819159
0.819433
0.819705
0.819975
0.820243
0.820508
0.820772
0.821032
0.821291
0.821547
0.821802
0.822053
0.822303
0.82255
0.822795
0.823038
0.823279
0.823517
0.823753
0.823987
0.824219
0.824448
0.824676
0.824901
0.825126
0.825348
0.82557
0.825789
0.826008
0.826224
0.826439
0.826653
0.826865
0.827075
0.827284
0.827492
0.827698
0.827902
0.828105
0.828306
0.828506
0.828704
0.828902
0.829097
0.829291
0.829483
0.829674
0.829863
0.830051
0.830237
0.830422
0.830605
0.830787
0.830967
0.831146
0.831323
0.831499
0.831673
0.831846
0.832017
0.832187
0.832355
0.832522
0.832687
0.832851
0.833014
0.833176
0.833337
0.833497
0.833656
0.833814
0.833971
0.834127
0.834282
0.834436
0.834589
0.834742
0.834892
0.835043
0.835192
0.83534
0.835487
0.835633
0.835778
0.835922
0.836065
0.836207
0.836348
0.836489
0.836628
0.836766
0.836903
0.837039
0.837175
0.837309
0.837442
0.837574
0.837706
0.837836
0.837965
0.838094
0.838222
0.838349
0.838474
0.8386
0.838724
0.838847
0.838969
0.839091
0.839211
0.839331
0.83945
0.839568
0.839685
0.839801
0.839917
0.840031
0.840145
0.840257
0.840369
0.84048
0.84059
0.8407
0.840808
0.840915
0.841022
0.841128
0.841232
0.841336
0.841439
0.841542
0.841642
0.841743
0.841843
0.841942
0.842037
0.842137
0.842231
0.842328
0.842422
0.842516
0.842608
0.8427
0.842791
0.842881
0.84297
0.843059
0.843146
0.843232
0.843318
0.843403
0.843487
0.84357
0.843652
0.843734
0.843814
0.843894
0.843973
0.84405
0.844127
0.844204
0.844279
0.844353
0.844427
0.8445
0.844572
0.844643
0.844713
0.844782
0.844851
0.844918
0.844985
0.845051
0.845116
0.84518
0.845243
0.845305
0.845367
0.845428
0.845488
0.845547
0.845605
0.845662
0.845718
0.845774
0.845829
0.845882
0.845935
0.845988
0.846039
0.846089
0.846139
0.846188
0.846237
0.846284
0.846331
0.846377
0.846422
0.846467
0.84651
0.846553
0.846595
0.846637
0.846678
0.846717
0.846757
0.846795
0.846833
0.84687
0.846906
0.846942
0.846977
0.847011
0.847046
0.847079
0.847112
0.847145
0.847177
0.847208
0.84724
0.847271
0.847302
0.847332
0.847363
0.847394
