9
9.00008
9.00016
9.00024
9.00032
9.0004
9.00048
9.00056
9.00064
9.00072
9.0008
9.00088
9.00096
9.00104
9.00112
9.00121
9.00129
9.00137
9.00145
9.00153
9.00161
9.00169
9.00177
9.00185
9.00193
9.00201
9.00209
9.00217
9.00225
9.00233
9.00241
9.00249
9.00257
9.00265
9.00273
9.00281
9.00289
9.00297
9.00305
9.00313
9.00321
9.00329
9.00337
9.00345
9.00354
9.00362
9.0037
9.00378
9.00386
9.00394
9.00402
9.0041
9.00418
9.00426
9.00434
9.00442
9.0045
9.00458
9.00466
9.00474
9.00482
9.0049
9.00498
9.00506
9.00514
9.00522
9.0053
9.00538
9.00546
9.00554
9.00562
9.0057
9.00579
9.00587
9.00595
9.00603
9.00611
9.00619
9.00627
9.00635
9.00643
9.00651
9.00659
9.00667
9.00675
9.00683
9.00691
9.00699
9.00707
9.00715
9.00723
9.00731
9.00739
9.00747
9.00755
9.00763
9.00771
9.00779
9.00787
9.00795
9.00803
9.00811
9.0082
9.00828
9.00836
9.00844
9.00852
9.0086
9.00868
9.00876
9.00884
9.00892
9.009
9.00908
9.00916
9.00924
9.00932
9.0094
9.00948
9.00956
9.00964
9.00972
9.0098
9.00988
9.00996
9.01004
9.01012
9.0102
9.01028
9.01036
9.01044
9.01052
9.0106
9.01068
9.01076
9.01084
9.01093
9.01101
9.01109
9.01117
9.01125
9.01133
9.01141
9.01149
9.01157
9.01165
9.01173
9.01181
9.01189
9.01197
9.01205
9.01213
9.01221
9.01229
9.01237
9.01245
9.01253
9.01261
9.01269
9.01277
9.01285
9.01293
9.01301
9.01309
9.01317
9.01325
9.01333
9.01342
9.0135
9.01358
9.01366
9.01374
9.01382
9.0139
9.01398
9.01406
9.01414
9.01422
9.0143
9.01438
9.01446
9.01454
9.01462
9.0147
9.01478
9.01486
9.01494
9.01502
9.0151
9.01518
9.01526
9.01534
9.01542
9.0155
9.01559
9.01567
9.01575
9.01583
9.01591
9.01599
9.01607
9.01615
9.01623
9.01631
9.01639
9.01647
9.01655
9.01663
9.01671
9.01679
9.01687
9.01695
9.01703
9.01711
9.01719
9.01728
9.01736
9.01744
9.01752
9.0176
9.01768
9.01776
9.01784
9.01792
9.018
9.01808
9.01816
9.01824
9.01832
9.0184
9.01848
9.01856
9.01864
9.01872
9.0188
9.01888
9.01896
9.01904
9.01913
9.01921
9.01929
9.01937
9.01945
9.01953
9.01961
9.01969
9.01977
9.01985
9.01993
9.02001
9.02009
9.02017
9.02025
9.02033
9.02041
9.02049
9.02057
9.02065
9.02073
9.02081
9.02089
9.02097
9.02105
9.02113
9.02121
9.02129
9.02138
9.02146
9.02154
9.02162
9.0217
9.02178
9.02186
9.02194
9.02202
9.0221
9.02218
9.02226
9.02234
9.02242
9.0225
9.02258
9.02266
9.02274
9.02282
9.0229
9.02298
9.02306
9.02314
9.02322
9.0233
9.02338
9.02346
9.02354
9.02362
9.0237
9.02378
9.02386
9.02395
9.02403
9.02411
9.02419
9.02427
9.02435
9.02443
9.02451
9.02459
9.02467
9.02475
9.02483
9.02491
9.02499
9.02507
9.02515
9.02523
9.02531
9.02539
9.02547
9.02555
9.02563
9.0257
9.02578
9.02586
9.02594
9.02602
9.0261
9.02618
9.02626
9.02634
9.02641
9.02649
9.02657
9.02665
9.02673
9.02681
9.02689
9.02697
9.02705
9.02713
9.02721
9.02729
9.02737
9.02745
9.02752
9.0276
9.02768
9.02776
9.02784
9.02792
9.028
9.02807
9.02815
9.02823
9.02831
9.02839
9.02846
9.02854
9.02862
9.0287
9.02878
9.02885
9.02893
9.02901
9.02909
9.02916
9.02924
9.02932
9.02939
9.02947
9.02955
9.02963
9.0297
9.02978
9.02986
9.02993
9.03001
9.03009
9.03017
9.03024
9.03032
9.0304
9.03047
9.03055
9.03063
9.03071
9.03078
9.03086
9.03094
9.03102
9.0311
9.03118
9.03125
9.03133
9.03141
9.03149
9.03157
9.03165
9.03172
9.0318
9.03188
9.03196
9.03204
9.03211
9.03219
9.03227
9.03234
9.03242
9.0325
9.03258
9.03265
9.03273
9.03281
9.03289
9.03296
9.03304
9.03312
9.0332
9.03327
9.03335
9.03343
9.0335
9.03358
9.03366
9.03374
9.03381
9.03389
9.03397
9.03405
9.03412
9.0342
9.03428
9.03435
9.03443
9.03451
9.03459
9.03466
9.03474
9.03482
9.03489
9.03497
9.03505
9.03513
9.0352
9.03528
9.03536
9.03543
9.03551
9.03559
9.03566
9.03574
9.03582
9.0359
9.03597
9.03605
9.03613
9.0362
9.03628
9.03636
9.03643
9.03651
9.03659
9.03666
9.03674
9.03682
9.03689
9.03697
9.03704
9.03712
9.03719
9.03727
9.03735
9.03742
9.0375
9.03757
9.03765
9.03773
9.0378
9.03788
9.03795
9.03803
9.03811
9.03818
9.03826
9.03833
9.03841
9.03849
9.03856
9.03864
9.03872
9.03879
9.03887
9.03894
9.03902
9.0391
9.03917
9.03925
9.03933
9.0394
9.03948
9.03956
9.03963
9.03971
9.03978
9.03986
9.03993
9.04001
9.04009
9.04016
9.04024
9.04031
9.04039
9.04046
9.04054
9.04061
9.04069
9.04076
9.04083
9.04091
9.04098
9.04105
9.04113
9.0412
9.04127
9.04135
9.04142
9.04149
9.04157
9.04164
9.04171
9.04179
9.04186
9.04194
9.04201
9.04209
9.04216
9.04224
9.04231
9.04239
9.04247
9.04254
9.04262
9.0427
9.04277
9.04285
9.04293
9.04301
9.04309
9.04317
9.04325
9.04333
9.04341
9.04349
9.04356
9.04364
9.04372
9.04379
9.04387
9.04394
9.04402
9.04409
9.04417
9.04424
9.04431
9.04439
9.04446
9.04453
9.04461
9.04468
9.04475
9.04483
9.0449
9.04498
9.04505
9.04512
9.0452
9.04527
9.04535
9.04542
9.0455
9.04558
9.04566
9.04573
9.04581
9.04589
9.04597
9.04605
9.04613
9.04621
9.04629
9.04637
9.04645
9.04653
9.04661
9.04668
9.04676
9.04684
9.04692
9.047
9.04708
9.04715
9.04723
9.0473
9.04738
9.04746
9.04753
9.04761
9.04769
9.04776
9.04784
9.04791
9.04799
9.04806
9.04814
9.04821
9.04829
9.04837
9.04844
9.04852
9.0486
9.04867
9.04875
9.04883
9.0489
9.04898
9.04906
9.04913
9.04921
9.04928
9.04936
9.04944
9.04951
9.04959
9.04966
9.04974
9.04981
9.04989
9.04997
9.05004
9.05012
9.0502
9.05027
9.05035
9.05043
9.0505
9.05058
9.05065
9.05072
9.0508
9.05087
9.05095
9.05102
9.05109
9.05117
9.05124
9.05132
9.05139
9.05147
9.05154
9.05162
9.05169
9.05177
9.05184
9.05192
9.052
9.05207
9.05215
9.05223
9.05231
9.05238
9.05246
9.05254
9.05262
9.05269
9.05277
9.05285
9.05292
9.053
9.05308
9.05315
9.05323
9.0533
9.05338
9.05345
9.05352
9.0536
9.05367
9.05374
9.05382
9.05389
9.05397
9.05404
9.05411
9.05419
9.05426
9.05433
9.05441
9.05448
9.05456
9.05463
9.0547
9.05478
9.05485
9.05492
9.055
9.05507
9.05514
9.05521
9.05529
9.05536
9.05543
9.0555
9.05557
9.05565
9.05572
9.05579
9.05586
9.05593
9.05601
9.05608
9.05615
9.05622
9.0563
9.05637
9.05644
9.05652
9.05659
9.05667
9.05674
9.05682
9.05689
9.05697
9.05704
9.05712
9.05719
9.05727
9.05735
9.05742
9.0575
9.05758
9.05766
9.05774
9.05781
9.05789
9.05797
9.05805
9.05813
9.05821
9.05829
9.05837
9.05845
9.05853
9.05861
9.05869
9.05877
9.05885
9.05893
9.05901
9.05908
9.05916
9.05924
9.05931
9.05939
9.05947
9.05954
9.05962
9.05969
9.05977
9.05984
9.05992
9.05999
9.06007
9.06014
9.06022
9.06029
9.06036
9.06044
9.06051
9.06059
9.06066
9.06073
9.06081
9.06088
9.06095
9.06103
9.0611
9.06117
9.06124
9.06132
9.06139
9.06146
9.06154
9.06161
9.06168
9.06176
9.06183
9.0619
9.06197
9.06205
9.06212
9.06219
9.06227
9.06234
9.06241
9.06249
9.06256
9.06263
9.06271
9.06278
9.06285
9.06293
9.063
9.06308
9.06315
9.06323
9.0633
9.06338
9.06345
9.06353
9.0636
9.06368
9.06375
9.06383
9.06391
9.06398
9.06406
9.06414
9.06422
9.0643
9.06438
9.06446
9.06454
9.06462
9.0647
9.06478
9.06486
9.06494
9.06501
9.06509
9.06517
9.06525
9.06533
9.0654
9.06548
9.06556
9.06563
9.06571
9.06578
9.06586
9.06593
9.06601
9.06608
9.06616
9.06623
9.06631
9.06638
9.06645
9.06653
9.0666
9.06667
9.06675
9.06682
9.06689
9.06696
9.06704
9.06711
9.06718
9.06726
9.06733
9.0674
9.06747
9.06755
9.06762
9.06769
9.06777
9.06784
9.06792
9.06799
9.06807
9.06814
9.06822
9.0683
9.06837
9.06845
9.06853
9.06861
9.06869
9.06877
9.06885
9.06893
9.06901
9.06908
9.06916
9.06924
9.06931
9.06939
9.06946
9.06954
9.06961
9.06968
9.06975
9.06983
9.0699
9.06997
9.07004
9.07012
9.07019
9.07027
9.07034
9.07042
9.07049
9.07057
9.07065
9.07073
9.07081
9.07089
9.07097
9.07105
9.07113
9.07121
9.07129
9.07137
9.07145
9.07153
9.07161
9.07168
9.07176
9.07184
9.07192
9.072
9.07208
9.07216
9.07223
9.07231
9.07239
9.07247
9.07254
9.07262
9.0727
9.07278
9.07285
9.07293
9.07301
9.07308
9.07316
9.07324
9.07331
9.07339
9.07347
9.07354
9.07362
9.0737
9.07377
9.07385
9.07392
9.074
9.07407
9.07415
9.07422
9.0743
9.07437
9.07445
9.07452
9.0746
9.07467
9.07475
9.07482
9.0749
9.07497
9.07505
9.07512
9.0752
9.07527
9.07534
9.07542
9.07549
9.07556
9.07564
9.07571
9.07578
9.07586
9.07593
9.076
9.07608
9.07615
9.07622
9.0763
9.07637
9.07644
9.07652
9.07659
9.07666
9.07674
9.07681
9.07688
9.07696
9.07703
9.0771
9.07717
9.07725
9.07732
9.07739
9.07747
9.07754
9.07761
9.07768
9.07776
9.07783
9.0779
9.07798
9.07805
9.07812
9.07819
9.07827
9.07834
9.07841
9.07849
9.07856
9.07863
9.0787
9.07878
9.07885
9.07892
9.07899
9.07907
9.07914
9.07921
9.07928
9.07936
9.07943
9.0795
9.07958
9.07965
9.07972
9.07979
9.07987
9.07994
9.08001
9.08008
9.08016
9.08023
9.0803
9.08037
9.08045
9.08052
9.08059
9.08066
9.08074
9.08081
9.08088
9.08095
9.08103
9.0811
9.08117
9.08124
9.08132
9.08139
9.08146
9.08153
9.0816
9.08168
9.08175
9.08182
9.08189
9.08197
9.08204
9.08211
9.08218
9.08226
9.08233
9.0824
9.08247
9.08255
9.08262
9.08269
9.08276
9.08283
9.08291
9.08298
9.08305
9.08312
9.0832
9.08327
9.08334
9.08341
9.08349
9.08356
9.08363
9.0837
9.08377
9.08385
9.08392
9.08399
9.08406
9.08414
9.08421
9.08428
9.08435
9.08442
9.0845
9.08457
9.08464
9.08471
9.08479
9.08486
9.08493
9.085
9.08507
9.08515
9.08522
9.08529
9.08536
9.08544
9.08551
9.08558
9.08565
9.08572
9.0858
9.08587
9.08594
9.08601
9.08609
9.08616
9.08623
9.0863
9.08637
9.08645
9.08652
9.08659
9.08666
9.08674
9.08681
9.08688
9.08695
9.08702
9.0871
9.08717
9.08724
9.08731
9.08738
9.08746
9.08753
9.0876
9.08767
9.08775
9.08782
9.08789
9.08796
9.08803
9.08811
9.08818
9.08825
9.08832
9.08839
9.08847
9.08854
9.08861
9.08868
9.08875
9.08883
9.0889
9.08897
9.08904
9.08912
9.08919
9.08926
9.08933
9.0894
9.08948
9.08955
9.08962
9.08969
9.08976
9.08984
9.08991
9.08998
9.09005
9.09012
9.0902
9.09027
9.09034
9.09041
9.09048
9.09056
9.09063
9.0907
9.09077
9.09084
9.09092
9.09099
9.09106
9.09113
9.0912
9.09128
9.09135
9.09142
9.09149
9.09157
9.09164
9.09171
9.09178
9.09185
