0.2
0.20008
0.20016
0.20024
0.20032
0.2004
0.20048
0.20056
0.20064
0.20072
0.2008
0.20088
0.200959
0.201039
0.201119
0.201199
0.201279
0.201359
0.201439
0.201519
0.201598
0.201678
0.201758
0.201838
0.201918
0.201998
0.202077
0.202157
0.202237
0.202317
0.202397
0.202476
0.202556
0.202636
0.202716
0.202795
0.202875
0.202955
0.203034
0.203114
0.203194
0.203273
0.203353
0.203433
0.203512
0.203592
0.203672
0.203751
0.203831
0.203911
0.20399
0.20407
0.204149
0.204229
0.204309
0.204388
0.204468
0.204547
0.204627
0.204706
0.204786
0.204865
0.204945
0.205024
0.205104
0.205183
0.205263
0.205342
0.205422
0.205501
0.205581
0.20566
0.20574
0.205819
0.205898
0.205978
0.206057
0.206137
0.206216
0.206295
0.206375
0.206454
0.206533
0.206613
0.206692
0.206772
0.206851
0.20693
0.207009
0.207089
0.207168
0.207247
0.207327
0.207406
0.207485
0.207564
0.207644
0.207723
0.207802
0.207881
0.20796
0.20804
0.208119
0.208198
0.208277
0.208356
0.208436
0.208515
0.208594
0.208673
0.208752
0.208831
0.20891
0.208989
0.209069
0.209148
0.209227
0.209306
0.209385
0.209464
0.209543
0.209622
0.209701
0.20978
0.209859
0.209938
0.210017
0.210096
0.210175
0.210254
0.210333
0.210412
0.210491
0.21057
0.210649
0.210728
0.210807
0.210886
0.210964
0.211043
0.211122
0.211201
0.21128
0.211359
0.211438
0.211517
0.211595
0.211674
0.211753
0.211832
0.211911
0.21199
0.212068
0.212147
0.212226
0.212305
0.212383
0.212462
0.212541
0.21262
0.212698
0.212777
0.212856
0.212934
0.213013
0.213092
0.213171
0.213249
0.213328
0.213407
0.213485
0.213564
0.213642
0.213721
0.2138
0.213883
0.213966
0.214049
0.214131
0.214214
0.214296
0.214379
0.214461
0.214543
0.214625
0.214707
0.214789
0.214871
0.214952
0.215034
0.215115
0.215196
0.215277
0.215358
0.215439
0.21552
0.215601
0.215681
0.215761
0.215842
0.215922
0.216002
0.216082
0.216162
0.216241
0.216321
0.2164
0.216479
0.216559
0.216638
0.216717
0.216796
0.216874
0.216953
0.217031
0.21711
0.217188
0.217266
0.217344
0.217422
0.2175
0.217578
0.217655
0.217732
0.21781
0.217887
0.217964
0.218041
0.218118
0.218195
0.218271
0.218348
0.218424
0.2185
0.218576
0.218652
0.218728
0.218804
0.21888
0.218955
0.219031
0.219103
0.219175
0.219247
0.219319
0.219391
0.219463
0.219535
0.219607
0.21968
0.219752
0.219824
0.219896
0.219968
0.22004
0.220111
0.220183
0.220255
0.220327
0.220399
0.220471
0.220543
0.220615
0.220687
0.220759
0.220831
0.220902
0.220974
0.221046
0.221118
0.22119
0.221262
0.221333
0.221405
0.221477
0.221549
0.22162
0.221692
0.221764
0.221835
0.221907
0.221979
0.222051
0.222122
0.222194
0.222265
0.222337
0.222409
0.22248
0.222552
0.222623
0.222695
0.222767
0.222838
0.22291
0.222981
0.223053
0.223124
0.223196
0.223267
0.223339
0.22341
0.223482
0.223553
0.223624
0.223696
0.223767
0.223839
0.22391
0.223981
0.224053
0.224124
0.224196
0.224267
0.224338
0.22441
0.224481
0.224553
0.224624
0.224695
0.224767
0.224838
0.224909
0.224981
0.225052
0.225123
0.225195
0.225266
0.225337
0.225409
0.22548
0.225551
0.225623
0.225694
0.225765
0.225837
0.225908
0.225979
0.226051
0.226122
0.226193
0.226265
0.226336
0.226407
0.226478
0.22655
0.226621
0.226692
0.226764
0.226835
0.226906
0.226977
0.227049
0.22712
0.227191
0.227262
0.227333
0.227405
0.227476
0.227547
0.227618
0.22769
0.227761
0.227832
0.227903
0.227974
0.228045
0.228117
0.228188
0.228259
0.22833
0.228401
0.228472
0.228544
0.228615
0.228686
0.228757
0.228828
0.228899
0.22897
0.229041
0.229113
0.229184
0.229255
0.229326
0.229397
0.229468
0.229539
0.22961
0.229681
0.229752
0.229823
0.229894
0.229965
0.230036
0.230107
0.230178
0.230249
0.23032
0.230391
0.230462
0.230533
0.230604
0.230675
0.230746
0.230817
0.230888
0.230959
0.23103
0.231101
0.231172
0.231243
0.231314
0.231385
0.231456
0.231526
0.231597
0.231668
0.231739
0.23181
0.231881
0.231952
0.232023
0.232093
0.232164
0.232235
0.232306
0.232377
0.232448
0.232518
0.232589
0.23266
0.232731
0.232802
0.232873
0.232944
0.233015
0.233085
0.233156
0.233227
0.233298
0.233369
0.23344
0.233511
0.233582
0.233653
0.233724
0.233795
0.233866
0.233937
0.234008
0.234079
0.23415
0.234221
0.234292
0.234363
0.234434
0.234505
0.234576
0.234647
0.234718
0.234789
0.23486
0.234931
0.235002
0.235073
0.235144
0.235215
0.235286
0.235357
0.235428
0.235499
0.235571
0.235642
0.235713
0.235784
0.235855
0.235926
0.235997
0.236068
0.23614
0.236211
0.236282
0.236353
0.236424
0.236495
0.236567
0.236638
0.236709
0.23678
0.236851
0.236923
0.236994
0.237065
0.237136
0.237208
0.237279
0.23735
0.237421
0.237493
0.237564
0.237635
0.237706
0.237778
0.237849
0.23792
0.237992
0.238063
0.238134
0.238206
0.238277
0.238348
0.23842
0.238491
0.238562
0.238634
0.238705
0.238776
0.238848
0.238919
0.238991
0.239062
0.239133
0.239205
0.239276
0.239348
0.239419
0.239491
0.239562
0.239633
0.239705
0.239776
0.239848
0.239919
0.239991
0.240062
0.240134
0.240205
0.240277
0.240348
0.24042
0.240491
0.240563
0.240634
0.240706
0.240778
0.240849
0.240921
0.240992
0.241064
0.241135
0.241207
0.241279
0.24135
0.241422
0.241493
0.241565
0.241637
0.241708
0.24178
0.241852
0.241923
0.241995
0.242066
0.242138
0.24221
0.242281
0.242353
0.242425
0.242497
0.242568
0.24264
0.242712
0.242783
0.242855
0.242927
0.242999
0.24307
0.243142
0.243214
0.243286
0.243357
0.243429
0.243501
0.243573
0.243645
0.243716
0.243788
0.24386
0.243932
0.244004
0.244076
0.244147
0.244219
0.244291
0.244363
0.244435
0.244507
0.244579
0.24465
0.244722
0.244794
0.244866
0.244938
0.24501
0.245082
0.245154
0.245226
0.245298
0.24537
0.245442
0.245514
0.245585
0.245657
0.245729
0.245801
0.245873
0.245945
0.246017
0.246089
0.246161
0.246233
0.246306
0.246378
0.24645
0.246522
0.246594
0.246666
0.246738
0.24681
0.246882
0.246954
0.247026
0.247098
0.24717
0.247242
0.247315
0.247387
0.247459
0.247531
0.247603
0.247675
0.247747
0.24782
0.247892
0.247964
0.248036
0.248108
0.24818
0.248253
0.248325
0.248397
0.248469
0.248542
0.248614
0.248686
0.248758
0.248831
0.248903
0.248975
0.249047
0.24912
0.249192
0.249264
0.249336
0.249409
0.249481
0.249553
0.249626
0.249698
0.24977
0.249843
0.249915
0.249987
0.25006
0.250132
0.250204
0.250277
0.250349
0.250422
0.250494
0.250566
0.250639
0.250711
0.250784
0.250856
0.250929
0.251001
0.251073
0.251146
0.251218
0.251291
0.251363
0.251436
0.251508
0.251581
0.251653
0.251726
0.251798
0.251871
0.251943
0.252016
0.252088
0.252161
0.252233
0.252306
0.252379
0.252451
0.252524
0.252596
0.252669
0.252742
0.252814
0.252887
0.252959
0.253032
0.253105
0.253177
0.25325
0.253323
0.253395
0.253468
0.253541
0.253613
0.253686
0.253759
0.253831
0.253904
0.253977
0.254049
0.254122
0.254195
0.254268
0.25434
0.254413
0.254486
0.254558
0.254631
0.254704
0.254777
0.25485
0.254922
0.254995
0.255068
0.255141
0.255214
0.255286
0.255359
0.255432
0.255505
0.255578
0.255651
0.255723
0.255796
0.255869
0.255942
0.256015
0.256088
0.256161
0.256234
0.256307
0.256379
0.256452
0.256525
0.256598
0.256671
0.256744
0.256817
0.25689
0.256963
0.257036
0.257109
0.257182
0.257255
0.257328
0.257401
0.257474
0.257547
0.25762
0.257693
0.257766
0.257839
0.257912
0.257985
0.258058
0.258131
0.258205
0.258278
0.258351
0.258424
0.258497
0.25857
0.258643
0.258716
0.258789
0.258862
0.258936
0.259009
0.259082
0.259155
0.259228
0.259301
0.259375
0.259448
0.259521
0.259594
0.259667
0.259741
0.259814
0.259887
0.25996
0.260034
0.260107
0.26018
0.260253
0.260327
0.2604
0.260473
0.260546
0.26062
0.260693
0.260766
0.26084
0.260913
0.260986
0.26106
0.261133
0.261206
0.26128
0.261353
0.261426
0.2615
0.261573
0.261646
0.26172
0.261793
0.261867
0.26194
0.262013
0.262087
0.26216
0.262234
0.262307
0.262381
0.262454
0.262528
0.262601
0.262675
0.262748
0.262821
0.262895
0.262968
0.263042
0.263115
0.263189
0.263263
0.263336
0.26341
0.263483
0.263557
0.26363
0.263704
0.263777
0.263851
0.263925
0.263998
0.264072
0.264145
0.264219
0.264293
0.264366
0.26444
0.264513
0.264587
0.264661
0.264734
0.264808
0.264881
0.264955
0.265028
0.265102
0.265175
0.265248
0.265322
0.265395
0.265468
0.265542
0.265615
0.265688
0.265761
0.265835
0.265908
0.265981
0.266054
0.266127
0.2662
0.266273
0.266346
0.266419
0.266492
0.266565
0.266638
0.266711
0.266784
0.266857
0.26693
0.267003
0.267076
0.267148
0.267221
0.267294
0.267366
0.267439
0.267512
0.267584
0.267657
0.267729
0.267802
0.267875
0.267947
0.268019
0.268092
0.268164
0.268237
0.268309
0.268381
0.268454
0.268526
0.268598
0.26867
0.268743
0.268815
0.268887
0.268959
0.269031
0.269103
0.269175
0.269247
0.269319
0.269391
0.269463
0.269535
0.269607
0.269678
0.26975
0.269822
0.269894
0.269966
0.270037
0.270109
0.270181
0.270252
0.270324
0.270395
0.270467
0.270538
0.27061
0.270681
0.270753
0.270824
0.270895
0.270967
0.271038
0.271109
0.27118
0.271252
0.271323
0.271394
0.271465
0.271536
0.271607
0.271678
0.271749
0.27182
0.271891
0.271962
0.272033
0.272104
0.272175
0.272246
0.272316
0.272387
0.272458
0.272529
0.272599
0.27267
0.27274
0.272811
0.272882
0.272952
0.273023
0.273093
0.273163
0.273234
0.273304
0.273375
0.273445
0.273515
0.273585
0.273656
0.273726
0.273796
0.273866
0.273936
0.274006
0.274076
0.274146
0.274216
0.274286
0.274356
0.274426
0.274496
0.274566
0.274635
0.274705
0.274775
0.274845
0.274914
0.274984
0.275054
0.275123
0.275193
0.275262
0.275332
0.275401
0.275471
0.27554
0.275609
0.275679
0.275748
0.275817
0.275887
0.275956
0.276025
0.276094
0.276163
0.276232
0.276301
0.27637
0.276439
0.276508
0.276577
0.276646
0.276715
0.276784
0.276853
0.276921
0.27699
0.277059
0.277127
0.277196
0.277265
0.277333
0.277402
0.27747
0.277539
0.277607
0.277676
0.277744
0.277813
0.277881
0.277949
0.278017
0.278086
0.278154
0.278222
0.27829
0.278358
0.278426
0.278494
0.278562
0.27863
0.278698
0.278766
0.278834
0.278902
0.27897
0.279038
0.279105
0.279173
0.279241
0.279308
0.279376
0.279444
0.279511
0.279579
0.279646
0.279714
0.279781
0.279849
0.279916
0.279983
0.280051
0.280118
0.280185
0.280252
0.280319
0.280387
0.280454
0.280521
0.280588
0.280655
0.280722
0.280789
0.280856
0.280923
0.280989
0.281056
0.281123
0.28119
0.281256
0.281323
0.28139
0.281456
0.281523
0.28159
0.281656
0.281723
0.281789
0.281855
0.281922
0.281988
0.282055
0.282121
0.282208
0.282296
0.282383
0.282471
0.282558
0.282645
0.282733
0.28282
0.282907
0.282995
0.283082
0.283169
0.283256
0.283343
0.28343
0.283517
0.283605
0.283692
0.283779
0.283866
0.283953
0.284039
0.284126
0.284213
0.2843
0.284387
0.284474
0.284561
0.284647
0.284734
0.284821
0.284907
0.284994
0.285081
0.285167
0.285254
0.28534
0.285427
0.285513
0.2856
0.285686
0.285773
0.285859
0.285946
0.286032
0.286118
0.286205
0.286291
0.286377
0.286464
0.28655
0.286636
0.286722
0.286808
0.286894
0.28698
0.287066
0.287152
0.287238
0.287324
0.28741
0.287496
0.287581
0.287667
0.287753
0.287838
0.287924
0.288009
0.288094
0.28818
0.288265
0.28835
0.288435
0.288521
0.288606
0.288691
0.288776
0.28886
0.288945
0.28903
0.289115
0.289199
0.289284
0.289369
0.289453
0.289538
0.289622
0.289706
0.289791
0.289875
0.289959
0.290043
0.290127
0.290211
0.290295
0.290379
0.290463
0.290547
0.290631
0.290715
0.290798
0.290882
0.290965
0.291049
0.291132
0.291216
0.291299
0.291382
0.291465
0.291548
0.291632
0.291715
0.291798
0.29188
0.291963
0.292046
0.292129
0.292212
0.292294
0.292377
0.292459
0.292542
0.292624
0.292707
0.292789
0.292871
0.292953
0.293035
0.293117
0.293199
0.293281
0.293363
0.293445
0.293527
0.293608
0.29369
0.293772
0.293853
0.293935
0.294016
0.294097
0.294179
0.29426
0.294341
0.294422
0.294503
0.294584
0.294665
0.294746
0.294827
0.294908
0.294988
0.295069
0.29515
0.29523
0.295311
0.295391
0.295471
0.295551
0.295632
0.295712
0.295792
0.295872
0.295952
0.296032
0.296112
0.296191
0.296271
0.296351
0.29643
0.29651
0.296589
0.296669
0.296748
0.296827
0.296906
0.296986
0.297065
0.297144
0.297223
0.297302
0.29738
0.297459
0.297538
0.297617
0.297695
0.297774
0.297852
0.297931
0.298009
0.298087
0.298165
0.298244
0.298322
0.2984
0.298478
0.298556
0.298633
0.298711
0.298789
0.298867
0.298944
0.299022
0.299099
0.299177
0.299254
0.299331
0.299408
0.299486
0.299563
0.29964
0.299717
0.299793
0.29987
0.299947
0.300024
0.3001
0.300177
0.300254
0.30033
0.300407
0.300483
0.300559
0.300636
0.300712
0.300788
0.300864
0.30094
0.301016
0.301092
0.301168
0.301244
0.30132
0.301395
0.301471
0.301547
0.301622
0.301698
0.301773
0.301848
0.301924
0.301999
0.302074
0.302149
0.302224
0.302299
0.302374
0.302449
0.302524
0.302599
0.302674
0.302748
0.302823
0.302898
0.302972
0.303047
0.303121
0.303195
0.30327
0.303344
0.303418
0.303492
0.303566
0.30364
0.303714
0.303788
0.303862
0.303935
0.304009
0.304083
0.304156
0.30423
0.304303
0.304377
0.30445
0.304523
0.304596
0.30467
0.304743
0.304816
0.304889
0.304962
0.305034
0.305107
0.30518
0.305253
0.305325
0.305398
0.30547
0.305543
0.305615
0.305687
0.30576
0.305832
0.305904
0.305976
0.306048
0.30612
0.306192
0.306264
0.306335
0.306407
0.306479
0.30655
0.306622
0.306693
0.306765
0.306836
0.306907
0.306978
0.30705
0.307121
0.307192
0.307263
0.307334
0.307404
0.307475
0.307546
0.307617
0.307687
0.307758
0.307828
0.307899
0.307969
0.308039
0.308109
0.30818
0.30825
0.30832
0.30839
0.30846
0.308529
0.308599
0.308669
0.308739
0.308808
0.308878
0.308947
0.309017
0.309086
0.309155
0.309224
0.309294
0.309363
0.309432
0.309501
0.30957
0.309638
0.309707
0.309776
0.309844
0.309913
0.309982
0.31005
0.310118
0.310187
0.310255
0.310323
0.310391
0.310459
0.310527
0.310595
0.310663
0.310731
0.310799
0.310866
0.310934
0.311002
0.311069
0.311136
0.311204
0.311271
0.311338
0.311405
0.311473
0.31154
0.311607
