5
5
5
5
5
5
5
5
5
5
5
5
5
5
5
5
5
5
5
5
5
5.00001
5.00001
5.00001
5.00001
5.00001
5.00001
5.00001
5.00001
5.00001
5.00001
5.00001
5.00001
5.00001
5.00001
5.00001
5.00001
5.00001
5.00001
5.00001
5.00001
5.00001
5.00001
5.00001
5.00001
5.00001
5.00001
5.00001
5.00001
5.00001
5.00001
5.00001
5.00001
5.00001
5.00001
5.00001
5.00001
5.00001
5.00001
5.00001
5.00001
5.00001
5.00001
5.00002
5.00002
5.00002
5.00002
5.00002
5.00002
5.00002
5.00002
5.00002
5.00002
5.00002
5.00002
5.00002
5.00002
5.00002
5.00002
5.00002
5.00002
5.00002
5.00002
5.00002
5.00002
5.00002
5.00002
5.00002
5.00002
5.00002
5.00002
5.00002
5.00002
5.00002
5.00002
5.00002
5.00002
5.00002
5.00002
5.00002
5.00002
5.00002
5.00002
5.00002
5.00002
5.00003
5.00003
5.00003
5.00003
5.00003
5.00003
5.00003
5.00003
5.00003
5.00003
5.00003
5.00003
5.00003
5.00003
5.00003
5.00003
5.00003
5.00003
5.00003
5.00003
5.00003
5.00003
5.00003
5.00003
5.00003
5.00003
5.00003
5.00003
5.00003
5.00003
5.00003
5.00003
5.00003
5.00003
5.00003
5.00003
5.00003
5.00003
5.00003
5.00003
5.00003
5.00004
5.00004
5.00004
5.00004
5.00004
5.00004
5.00004
5.00004
5.00004
5.00004
5.00004
5.00004
5.00004
5.00004
5.00004
5.00004
5.00004
5.00004
5.00004
5.00004
5.00004
5.00004
5.00004
5.00004
5.00004
5.00004
5.00004
5.00004
5.51718
5.51719
5.51719
5.51719
5.51719
5.51719
5.51719
5.51719
5.51719
5.51719
5.51719
5.51719
5.51719
5.51719
5.51719
5.51719
5.51719
5.51719
5.51719
5.51719
5.51719
5.51719
5.51719
5.51719
5.51719
5.51719
5.51719
5.51719
5.51719
5.5172
5.5172
5.5172
5.5172
5.5172
5.5172
5.5172
5.5172
5.5172
5.5172
5.5172
5.5172
5.5172
5.5172
5.5172
5.5172
5.5172
5.5172
5.5172
5.5172
5.5172
5.5172
5.5172
5.5172
5.5172
5.5172
5.5172
5.5172
5.5172
5.51721
5.51721
5.51721
5.51721
5.51721
5.51721
5.51721
5.51721
5.51721
5.51721
5.51721
5.51721
5.51721
5.51721
5.51721
5.51721
5.51721
5.51721
5.51721
5.51721
5.51721
5.51721
5.51721
5.51721
5.51721
5.51721
5.51721
5.51721
5.51721
5.51722
5.51722
5.51722
5.51722
5.51722
5.51722
5.51722
5.51722
5.51722
5.51722
5.51722
5.51722
5.51722
5.51722
5.51722
5.51722
5.51722
5.51722
5.51722
5.51722
5.51722
5.51722
5.51722
5.51722
5.51722
5.51722
5.51722
5.51722
5.51722
5.51723
5.51723
5.51723
5.51723
5.51723
5.51723
5.51723
5.51723
5.51723
5.51723
5.51723
5.51723
5.51723
5.51723
5.51723
5.51723
5.51723
5.51723
5.51723
5.51723
5.51723
5.51723
5.51723
5.51723
5.51723
5.51723
5.51723
5.51723
5.51723
5.51724
5.51724
5.51724
5.51724
5.51724
5.51724
5.51724
5.51724
5.51724
5.51724
5.51724
5.51724
5.51724
5.51724
5.51724
5.51724
5.51724
5.51724
5.51724
5.51724
5.51724
5.51724
5.51724
5.51724
5.51724
5.51724
5.51724
5.51724
5.51725
5.51725
5.51725
5.51725
5.51725
5.51725
5.51725
5.51725
5.51725
5.51725
5.51725
5.51725
5.51725
5.51725
5.51725
5.51725
5.51725
5.51725
5.51725
5.51725
5.51725
5.51725
5.51725
5.51725
5.51725
5.51725
5.51725
5.51725
5.51726
5.51726
5.51726
5.51726
5.51726
5.51726
5.51726
5.51726
5.51726
5.51726
5.51726
5.51726
5.51726
5.51726
5.51726
5.51726
5.51726
5.51726
5.51726
5.51726
5.51726
5.51726
5.51726
5.51726
5.51726
5.51726
5.51726
5.51727
5.51727
5.51727
5.51727
5.51727
5.51727
5.51727
5.51727
5.51727
5.51727
5.51727
5.51727
5.51727
5.51727
5.51727
5.51727
5.51727
5.51727
5.51727
5.51727
5.51727
5.51727
5.51727
5.51727
5.51727
5.51727
5.51727
5.51727
5.51728
5.51728
5.51728
5.51728
5.51728
5.51728
5.51728
5.51728
5.51728
5.51728
5.51728
5.51728
5.51728
5.51728
5.51728
5.51728
5.51728
5.51728
5.51728
5.51728
5.51728
5.51728
5.51728
5.51728
5.51728
5.51728
5.51728
5.51728
5.51728
5.51729
5.51729
5.51729
5.51729
5.51729
5.51729
5.51729
5.51729
5.51729
5.51729
5.51729
5.51729
5.51729
5.51729
5.51729
5.51729
5.51729
5.51729
5.51729
5.51729
5.51729
5.51729
5.51729
5.51729
5.51729
5.51729
5.51729
5.51729
5.5173
5.5173
5.5173
5.5173
5.5173
5.5173
5.5173
5.5173
5.5173
5.5173
5.5173
5.5173
5.5173
5.5173
5.5173
5.5173
5.5173
5.5173
5.5173
5.5173
5.5173
5.5173
5.5173
5.5173
5.5173
5.5173
5.5173
5.5173
5.5173
5.51731
5.51731
5.51731
5.51731
5.51731
5.51731
5.51731
5.51731
5.51731
5.51731
5.51731
5.51731
5.51731
5.51731
5.51731
5.51731
5.51731
5.51731
5.51731
5.51731
5.51731
5.51731
5.51731
5.51731
5.51731
5.51731
5.51731
5.51731
5.51732
5.51732
5.51732
5.51732
5.51732
5.51732
5.51732
5.51732
5.51732
5.51732
5.51732
5.51732
5.51732
5.51732
5.51732
5.51732
5.51732
5.51732
5.51732
5.51732
5.51732
5.51732
5.51732
5.51732
5.51732
5.51732
5.51732
5.51732
5.51732
5.51733
5.51733
5.51733
5.51733
5.51733
5.51733
5.51733
5.51733
5.51733
5.51733
5.51733
5.51733
5.51733
5.51733
5.51733
5.51733
5.51733
5.51733
5.51733
5.51733
5.51733
5.51733
5.51733
5.51733
5.51733
5.51733
5.51733
5.51733
5.51734
5.51734
5.51734
5.51734
5.51734
5.51734
5.51734
5.51734
5.51734
5.51734
5.51734
5.51734
5.51734
5.51734
5.51734
5.51734
5.51734
5.51734
5.51734
5.51734
5.51734
5.51734
5.51734
5.51734
5.51734
5.51734
5.51734
5.51734
5.51734
5.51735
5.51735
5.51735
5.51735
5.51735
5.51735
5.51735
5.51735
5.51735
5.51735
5.51735
5.51735
5.51735
5.51735
5.51735
5.51735
5.51735
5.51735
5.51735
5.51735
5.51735
5.51735
5.51735
5.51735
5.51735
5.51735
5.51735
5.51735
5.51735
5.51736
5.51736
5.51736
5.51736
5.51736
5.51736
5.51736
5.51736
5.51736
5.51736
5.51736
5.51736
5.51736
5.51736
5.51736
5.51736
5.51736
5.51736
5.51736
5.51736
5.51736
5.51736
5.51736
5.51736
5.51736
5.51736
5.51736
5.51736
5.51737
5.51737
5.51737
5.51737
5.51737
5.51737
5.51737
5.51737
5.51737
5.51737
5.51737
5.51737
5.51737
5.51737
5.51737
5.51737
5.51737
5.51737
5.51737
5.51737
5.51737
5.51737
5.51737
5.51737
5.51737
5.51737
5.51737
5.51737
5.51738
5.51738
5.51738
5.51738
5.51738
5.51738
5.51738
5.51738
5.51738
5.51738
5.51738
5.51738
5.51738
5.51738
5.51738
5.51738
5.51738
5.51738
5.51738
5.51738
5.51738
5.51738
5.51738
5.51738
5.51738
5.51738
5.51738
5.51738
5.51738
5.51739
5.51739
5.51739
5.51739
5.51739
5.51739
5.51739
5.51739
5.51739
5.51739
5.51739
5.51739
5.51739
5.51739
5.51739
5.51739
5.51739
5.51739
5.51739
5.51739
5.51739
5.51739
5.51739
5.51739
5.51739
5.51739
5.51739
5.51739
5.5174
5.5174
5.5174
5.5174
5.5174
5.5174
5.5174
5.5174
5.5174
5.5174
5.5174
5.5174
5.5174
5.5174
5.5174
5.5174
5.5174
5.5174
5.5174
5.5174
5.5174
5.5174
5.5174
5.5174
5.5174
5.5174
5.5174
5.5174
5.51741
5.51741
5.51741
5.51741
5.51741
5.51741
5.51741
5.51741
5.51741
5.51741
5.51741
5.51741
5.51741
5.51741
5.51741
5.51741
5.51741
5.51741
5.51741
5.51741
5.51741
5.51741
5.51741
5.51741
5.51741
5.51741
5.51741
5.51741
5.51742
5.51742
5.51742
5.51742
5.51742
5.51742
5.51742
5.51742
5.51742
5.51742
5.51742
5.51742
5.51742
5.51742
5.51742
5.51742
5.51742
5.51742
5.51742
5.51742
5.51742
5.51742
5.51742
5.51742
5.51742
5.51742
5.51742
5.51742
5.51743
5.51743
5.51743
5.51743
5.51743
5.51743
5.51743
5.51743
5.51743
5.51743
5.51743
5.51743
5.51743
5.51743
5.51743
5.51743
5.51743
5.51743
5.51743
5.51743
5.51743
5.51743
5.51743
5.51743
5.51743
5.51743
5.51743
5.51743
5.51744
5.51744
5.51744
5.51744
5.51744
5.51744
5.51744
5.51744
5.51744
5.51744
5.51744
5.51744
5.51744
5.51744
5.51744
5.51744
5.51744
5.51744
5.51744
5.51744
5.51744
5.51744
5.51744
5.51744
5.51744
5.51744
5.51744
5.51744
5.51745
5.51745
5.51745
5.51745
5.51745
5.51745
5.51745
5.51745
5.51745
5.51745
5.51745
5.51745
5.51745
5.51745
5.51745
5.51745
5.51745
5.51745
5.51745
5.51745
5.51745
5.51745
5.51745
5.51745
5.51745
5.51745
5.51745
5.51745
5.51745
5.51746
5.51746
5.51746
5.51746
5.51746
5.51746
5.51746
5.51746
5.51746
5.51746
5.51746
5.51746
5.51746
5.51746
5.51746
5.51746
5.51746
5.51746
5.51746
5.51746
5.51746
5.51746
5.51746
5.51746
5.51746
5.51746
5.51746
5.51746
5.51747
5.51747
5.51747
5.51747
5.51747
5.51747
5.51747
5.51747
5.51747
5.51747
5.51747
5.51747
5.51747
5.51747
5.51747
5.51747
5.51747
5.51747
5.51747
5.51747
5.51747
5.51747
5.51747
5.51747
5.51747
5.51747
5.51747
5.51747
5.51747
5.51748
5.51748
5.51748
5.51748
5.51748
5.51748
5.51748
5.51748
5.51748
5.51748
5.51748
5.51748
5.51748
5.51748
5.51748
5.51748
5.51748
5.51748
5.51748
5.51748
5.51748
5.51748
5.51748
5.51748
5.51748
5.51748
5.51748
5.51748
5.51749
5.51749
5.51749
5.51749
5.51749
5.51749
5.51749
5.51749
5.51749
5.51749
5.51749
5.51749
5.51749
5.51749
5.51749
5.51749
5.51749
5.51749
5.51749
5.51749
5.51749
5.51749
5.51749
5.51749
5.51749
5.51749
5.51749
5.51749
5.5175
5.5175
5.5175
5.5175
5.5175
5.5175
5.5175
5.5175
5.5175
5.5175
5.5175
5.5175
5.5175
5.5175
5.5175
5.5175
5.5175
5.5175
5.5175
5.5175
5.5175
5.5175
5.5175
5.5175
5.5175
5.5175
5.5175
5.5175
5.51751
5.51751
5.51751
5.51751
5.51751
5.51751
5.51751
5.51751
5.51751
5.51751
5.51751
5.51751
5.51751
5.51751
5.51751
5.51751
5.51751
5.51751
5.51751
5.51751
5.51751
5.51751
5.51751
5.51751
5.51751
5.51751
5.51751
5.51751
5.51751
5.51752
5.51752
5.51752
5.51752
5.51752
5.51752
5.51752
5.51752
5.51752
5.51752
5.51752
5.51752
7.27443
7.27444
7.27444
7.27444
7.27444
7.27444
7.27444
7.27444
7.27444
7.27444
7.27444
7.27444
7.27444
7.27444
7.27444
7.27444
7.27444
7.27444
7.27444
7.27444
7.27444
7.27444
7.27445
7.27445
7.27445
7.27445
7.27445
7.27445
7.27445
7.27445
7.27445
7.27445
7.27445
7.27445
7.27445
7.27445
7.27445
7.27445
7.27445
7.27445
7.27445
7.27445
7.27445
7.27446
7.27446
7.27446
7.27446
7.27446
7.27446
7.27446
7.27446
7.27446
7.27446
7.27446
7.27446
7.27446
7.27446
7.27446
7.27446
7.27446
7.27446
7.27446
7.27446
7.27447
7.27447
7.27447
7.27447
7.27447
7.27447
7.27447
7.27447
7.27447
7.27447
7.27447
7.27447
7.27447
7.27447
7.27447
7.27447
7.27447
7.27447
7.27447
7.27447
7.27447
7.27448
7.27448
7.27448
7.27448
7.27448
7.27448
7.27448
7.27448
7.27448
7.27448
7.27448
7.27448
7.27448
7.27448
7.27448
7.27448
7.27448
7.27448
7.27448
7.27448
7.27449
7.27449
7.27449
7.27449
7.27449
7.27449
7.27449
7.27449
7.27449
7.27449
7.27449
7.27449
7.27449
7.27449
7.27449
7.27449
7.27449
7.27449
7.27449
7.27449
7.27449
7.2745
7.2745
7.2745
7.2745
7.2745
7.2745
7.2745
7.2745
7.2745
7.2745
7.2745
7.2745
7.2745
7.2745
7.2745
7.2745
7.2745
7.2745
7.2745
7.2745
7.2745
7.27451
7.27451
7.27451
7.27451
7.27451
7.27451
7.27451
7.27451
7.27451
7.27451
7.27451
7.27451
7.27451
7.27451
7.27451
7.27451
7.27451
7.27451
7.27451
7.27451
7.27451
7.27452
7.27452
7.27452
7.27452
7.27452
7.27452
7.27452
7.27452
7.27452
7.27452
7.27452
7.27452
7.27452
7.27452
7.27452
7.27452
7.27452
7.27452
7.27452
7.27452
7.27453
7.27453
7.27453
7.27453
7.27453
7.27453
7.27453
7.27453
7.27453
7.27453
7.27453
7.27453
7.27453
7.27453
7.27453
7.27453
7.27453
7.27453
7.27453
7.27453
7.27453
7.27454
7.27454
7.27454
7.27454
7.27454
7.27454
7.27454
7.27454
7.27454
7.27454
7.27454
7.27454
7.27454
7.27454
7.27454
7.27454
7.27454
7.27454
7.27454
7.27454
7.27454
7.27455
7.27455
7.27455
7.27455
7.27455
7.27455
7.27455
7.27455
7.27455
7.27455
7.27455
7.27455
7.27455
7.27455
7.27455
7.27455
7.27455
7.27455
7.27455
7.27455
7.27456
7.27456
7.27456
7.27456
7.27456
7.27456
7.27456
7.27456
7.27456
7.27456
7.27456
7.27456
7.27456
7.27456
7.27456
7.27456
7.27456
7.27456
7.27456
7.27456
7.27456
7.27457
7.27457
7.27457
7.27457
7.27457
7.27457
7.27457
7.27457
7.27457
7.27457
7.27457
7.27457
7.27457
7.27457
7.27457
7.27457
7.27457
7.27457
7.27457
7.27457
7.27457
7.27458
7.27458
7.27458
7.27458
7.27458
7.27458
7.27458
7.27458
7.27458
7.27458
7.27458
7.27458
7.27458
7.27458
7.27458
7.27458
7.27458
7.27458
7.27458
7.27458
7.27459
7.27459
7.27459
7.27459
7.27459
7.27459
7.27459
7.27459
7.27459
7.27459
7.27459
7.27459
7.27459
7.27459
7.27459
7.27459
7.27459
7.27459
7.27459
7.27459
7.27459
7.2746
7.2746
7.2746
7.2746
7.2746
7.2746
7.2746
7.2746
7.2746
7.2746
7.2746
7.2746
7.2746
7.2746
7.2746
7.2746
7.2746
7.2746
7.2746
7.2746
7.2746
7.27461
7.27461
7.27461
7.27461
7.27461
7.27461
7.27461
7.27461
7.27461
7.27461
7.27461
7.27461
7.27461
7.27461
7.27461
7.27461
7.27461
7.27461
7.27461
7.27461
7.27462
7.27462
7.27462
7.27462
7.27462
