0.0204082
0.0206538
0.0209007
0.0211487
0.0213981
0.0216485
0.0219003
0.0221532
0.0224073
0.0226626
0.0229191
0.0231768
0.0234356
0.0236956
0.0239568
0.0242192
0.0244827
0.0247474
0.0250132
0.0252802
0.0255483
0.0258175
0.0260879
0.0263594
0.0266321
0.0269058
0.0271807
0.0274567
0.0277338
0.0280119
0.0282912
0.0285716
0.0288531
0.0291357
0.0294193
0.029704
0.0299898
0.0302766
0.0305645
0.0308535
0.0311435
0.0314346
0.0317267
0.0320199
0.032314
0.0326093
0.0329055
0.0332028
0.0335011
0.0338003
0.0341006
0.0344019
0.0347042
0.0350075
0.0353118
0.0356171
0.0359233
0.0362306
0.0365388
0.0368479
0.0371581
0.0374691
0.0377812
0.0380942
0.0384081
0.0387229
0.0390387
0.0393555
0.0396731
0.0399917
0.0403112
0.0406316
0.0409529
0.0412751
0.0415982
0.0419222
0.042247
0.0425728
0.0428994
0.0432269
0.0435553
0.0438845
0.0442146
0.0445456
0.0448773
0.04521
0.0455434
0.0458777
0.0462129
0.0465488
0.0468856
0.0472232
0.0475615
0.0479007
0.0482407
0.0485815
0.0489231
0.0492654
0.0496086
0.0499525
0.0502971
0.0506426
0.0509887
0.0513357
0.0516834
0.0520318
0.052381
0.0527309
0.0530815
0.0534328
0.0537849
0.0541376
0.0544911
0.0548453
0.0552002
0.0555557
0.055912
0.0562689
0.0566265
0.0569847
0.0573436
0.0577032
0.0580634
0.0584243
0.0587858
0.059148
0.0595107
0.0598741
0.0602381
0.0606027
0.060968
0.0613338
0.0617002
0.0620672
0.0624348
0.0628029
0.0631717
0.063541
0.0639108
0.0642812
0.0646522
0.0650237
0.0653957
0.0657683
0.0661414
0.066515
0.0668891
0.0672637
0.0676388
0.0680144
0.0683905
0.0687671
0.0691441
0.0695216
0.0698996
0.070278
0.0706551
0.0710299
0.0714023
0.0717724
0.0721402
0.0725058
0.0728693
0.0732306
0.0735898
0.0739469
0.0743019
0.074655
0.075006
0.0753552
0.0757024
0.0760477
0.0763909
0.0767324
0.0770721
0.07741
0.077746
0.0780803
0.078413
0.078744
0.0790734
0.079401
0.079727
0.0800515
0.0803745
0.0806958
0.0810156
0.081334
0.0816511
0.0819665
0.0822806
0.0825934
0.0829047
0.0832148
0.0835235
0.0838311
0.0841372
0.0844422
0.0847461
0.0850488
0.0853504
0.0856507
0.0859501
0.0862483
0.0865456
0.0868417
0.087137
0.0874313
0.0877247
0.0880172
0.0883089
0.0885997
0.0888897
0.0891789
0.0894674
0.089755
0.0900421
0.0903285
0.0906143
0.0908993
0.091184
0.091468
0.0917513
0.0920344
0.0923169
0.0925988
0.0928806
0.0931619
0.0934426
0.0937235
0.0940034
0.0942836
0.0945637
0.0948431
0.0951224
0.095402
0.0956809
0.0959601
0.0962392
0.0965183
0.0967974
0.0970762
0.0973555
0.0976347
0.0979141
0.0981936
0.0984731
0.0987532
0.0990333
0.0993137
0.0995944
0.0998755
0.100157
0.100439
0.100721
0.101004
0.101287
0.10157
0.101855
0.102139
0.102425
0.10271
0.102997
0.103284
0.103573
0.103861
0.104151
0.104441
0.104732
0.105024
0.105317
0.105611
0.105905
0.106201
0.106498
0.106795
0.107094
0.107393
0.107694
0.107996
0.108298
0.108602
0.108907
0.109213
0.109521
0.109829
0.110139
0.110451
0.110763
0.111077
0.111393
0.11171
0.112028
0.112348
0.112669
0.112992
0.113317
0.113643
0.113971
0.114301
0.114632
0.114966
0.115301
0.115638
0.115977
0.116318
0.116661
0.117006
0.117353
0.117702
0.118053
0.118407
0.118763
0.119121
0.119481
0.119844
0.120209
0.120576
0.120946
0.121319
0.121694
0.122071
0.122452
0.122834
0.123219
0.123608
0.123998
0.124392
0.124788
0.125188
0.125589
0.125994
0.126402
0.126813
0.127227
0.127644
0.128063
0.128486
0.128912
0.129342
0.129774
0.13021
0.130649
0.13109
0.131536
0.131985
0.132438
0.132893
0.133353
0.133816
0.134282
0.134752
0.135226
0.135703
0.136184
0.136669
0.137157
0.13765
0.138146
0.138646
0.13915
0.139658
0.14017
0.140686
0.141206
0.14173
0.142259
0.142791
0.143328
0.143869
0.144414
0.144964
0.145517
0.146075
0.146638
0.147204
0.147776
0.148351
0.148931
0.149515
0.150104
0.150697
0.151293
0.151895
0.1525
0.15311
0.153724
0.154342
0.154965
0.155592
0.156224
0.156859
0.157499
0.158144
0.158793
0.159448
0.160107
0.16077
0.161438
0.16211
0.162787
0.163469
0.164155
0.164846
0.165541
0.16624
0.166945
0.167654
0.168367
0.169086
0.169808
0.170535
0.171267
0.172003
0.172745
0.17349
0.17424
0.174996
0.175755
0.17652
0.177289
0.178064
0.178843
0.179627
0.180415
0.181209
0.182007
0.182811
0.183618
0.184431
0.185249
0.186071
0.186898
0.187729
0.188565
0.189384
0.190208
0.191036
0.191868
0.192677
0.193488
0.194304
0.195122
0.195944
0.19677
0.1976
0.198433
0.199271
0.200111
0.200956
0.201805
0.202658
0.203516
0.204378
0.205244
0.206114
0.206989
0.207835
0.208683
0.209537
0.210395
0.211257
0.212122
0.212991
0.213863
0.214739
0.215617
0.2165
0.217385
0.218275
0.219167
0.220063
0.220962
0.221863
0.222768
0.223675
0.224586
0.225499
0.226417
0.227336
0.228261
0.229187
0.230117
0.231051
0.231986
0.232925
0.233867
0.234812
0.235759
0.236709
0.237663
0.238622
0.239582
0.240547
0.241516
0.242487
0.243463
0.244443
0.245426
0.246395
0.247367
0.248341
0.249317
0.250295
0.251275
0.252257
0.253241
0.254227
0.255215
0.256204
0.257196
0.25819
0.259186
0.260184
0.261184
0.262185
0.263189
0.264195
0.265202
0.266212
0.267224
0.268237
0.269252
0.27027
0.271288
0.272309
0.273331
0.274355
0.27538
0.276407
0.277436
0.278466
0.279497
0.28053
0.281564
0.2826
0.283636
0.284674
0.285712
0.286752
0.287793
0.288835
0.289879
0.290924
0.291972
0.293023
0.294076
0.295132
0.296192
0.297255
0.298321
0.299391
0.300399
0.301405
0.302408
0.303408
0.304405
0.3054
0.306391
0.30738
0.308366
0.309349
0.310329
0.311306
0.31228
0.313251
0.31422
0.315186
0.316149
0.31711
0.318069
0.319025
0.319978
0.320929
0.321878
0.322824
0.323767
0.324709
0.325647
0.326584
0.327518
0.32845
0.32938
0.330307
0.331233
0.332156
0.333078
0.333997
0.334915
0.335831
0.336745
0.337657
0.338567
0.339475
0.340382
0.341287
0.34219
0.343092
0.343992
0.344891
0.345787
0.346683
0.347578
0.348472
0.349366
0.350258
0.35115
0.352041
0.352931
0.35382
0.354709
0.355598
0.356486
0.357374
0.358262
0.35915
0.360038
0.360926
0.361814
0.362703
0.363591
0.364479
0.365368
0.366257
0.367146
0.368036
0.368926
0.369816
0.370707
0.371598
0.372489
0.373381
0.374274
0.375167
0.37606
0.376955
0.377849
0.378745
0.379641
0.380539
0.381437
0.382336
0.383236
0.384137
0.385039
0.385943
0.386847
0.387753
0.388659
0.389568
0.390477
0.391387
0.392299
0.393212
0.394127
0.395043
0.39596
0.396878
0.397798
0.398719
0.399642
0.400566
0.401491
0.402419
0.403347
0.404277
0.405208
0.406142
0.407076
0.408012
0.40895
0.409889
0.41083
0.411772
0.412716
0.413662
0.414609
0.415558
0.416509
0.417461
0.418415
0.419371
0.420328
0.421288
0.422249
0.423212
0.424177
0.425144
0.426112
0.427083
0.428055
0.429029
0.430005
0.430983
0.431963
0.432945
0.433929
0.434915
0.435903
0.436893
0.437885
0.438879
0.439875
0.440873
0.441873
0.442875
0.44388
0.444886
0.445895
0.446905
0.447918
0.448933
0.44995
0.450969
0.45199
0.453014
0.454039
0.455067
0.456097
0.457129
0.458163
0.459199
0.460237
0.461278
0.462321
0.463366
0.464413
0.465462
0.466514
0.467568
0.468624
0.469682
0.470742
0.471805
0.47287
0.473937
0.475006
0.476077
0.477151
0.478227
0.479305
0.480386
0.481468
0.482553
0.483641
0.48473
0.485822
0.486916
0.488012
0.489111
0.490211
0.491314
0.49242
0.493527
0.494637
0.495749
0.496864
0.49798
0.499099
0.50022
0.501344
0.50247
0.503597
0.504727
0.505859
0.506993
0.508128
0.509263
0.510397
0.511531
0.512664
0.513797
0.51493
0.516062
0.517195
0.518327
0.519459
0.520592
0.521724
0.522857
0.52399
0.525124
0.526258
0.527393
0.528528
0.529664
0.5308
0.531937
0.533074
0.534212
0.53535
0.536489
0.537628
0.538769
0.539909
0.541051
0.542193
0.543336
0.544479
0.545623
0.546767
0.547913
0.549058
0.550205
0.551352
0.5525
0.553648
0.554797
0.555946
0.557097
0.558248
0.559399
0.560552
0.561705
0.562858
0.564012
0.565167
0.566322
0.567478
0.568635
0.569793
0.570951
0.572109
0.573269
0.574428
0.575589
0.57675
0.577912
0.579074
0.580238
0.581401
0.582566
0.583731
0.584897
0.586063
0.58723
0.588397
0.589565
0.590734
0.591904
0.593073
0.594244
0.595415
0.596587
0.59776
0.598933
0.600107
0.601281
0.602456
0.603631
0.604807
0.605984
0.607161
0.60834
0.609518
0.610697
0.611877
0.613057
0.614238
0.61542
0.616601
0.617784
0.618967
0.620151
0.621335
0.62252
0.623706
0.624892
0.626078
0.627266
0.628454
0.629643
0.630833
0.632024
0.633215
0.634409
0.635604
0.636802
0.638001
0.639204
0.640407
0.641614
0.642821
0.644033
0.645247
0.646462
0.64768
0.648899
0.650123
0.651348
0.652575
0.653806
0.655037
0.656274
0.657512
0.658751
0.659995
0.661241
0.662489
0.663741
0.664995
0.666251
0.667512
0.668775
0.670039
0.671309
0.672581
0.673857
0.675134
0.676416
0.677702
0.678989
0.680281
0.681578
0.682877
0.684178
0.685485
0.686795
0.688109
0.689427
0.690746
0.692072
0.693401
0.694734
0.696071
0.697412
0.698755
0.700105
0.701458
0.702816
0.704177
0.705543
0.706913
0.708286
0.709666
0.71105
0.712438
0.713832
0.71523
0.716632
0.71804
0.719452
0.72087
0.722292
0.72372
0.725153
0.726591
0.728034
0.729483
0.730937
0.732397
0.733862
0.735333
0.73681
0.738293
0.739781
0.741276
0.742776
0.744283
0.745796
0.747316
0.748841
0.750374
0.751913
0.753458
0.75501
0.756569
0.758136
0.759709
0.761289
0.762876
0.764471
0.766073
0.767682
0.769299
0.770924
0.772556
0.774196
0.775844
0.7775
0.779164
0.780836
0.782516
0.784205
0.78518
0.786152
0.787118
0.78808
0.789036
0.789989
0.790936
0.791879
0.792817
0.79375
0.794678
0.795602
0.79652
0.797435
0.798344
0.799249
0.800148
0.801044
0.801933
0.802819
0.803699
0.804576
0.805446
0.806313
0.807174
0.808032
0.808883
0.809731
0.810573
0.811411
0.812243
0.813072
0.813895
0.814714
0.815528
0.816338
0.817141
0.817942
0.818736
0.819526
0.820311
0.821092
0.821867
0.822639
0.823405
0.824167
0.824923
0.825676
0.826422
0.827166
0.827904
0.828639
0.829367
0.830093
0.830813
0.83153
0.832241
0.832949
0.833651
0.834349
0.835042
0.835732
0.836416
0.837097
0.837772
0.838444
0.83911
0.839773
0.84043
0.841084
0.841732
0.842378
0.843017
0.843653
0.844283
0.84491
0.845531
0.84615
0.846762
0.847371
0.847974
0.848575
0.849169
0.849761
0.850346
0.85093
0.851508
0.852085
0.852656
0.853226
0.853791
0.854355
0.854914
0.855472
0.856025
0.856576
0.857123
0.85767
0.858213
0.858755
0.859293
0.859831
0.860365
0.860898
0.861427
0.861956
0.862481
0.863005
0.863525
0.864046
0.864562
0.865079
0.865591
0.866104
0.866612
0.867121
0.867625
0.86813
0.868631
0.869132
0.869628
0.870125
0.870618
0.871111
0.8716
0.872089
0.872574
0.873059
0.87354
0.874021
0.874498
0.874976
0.875449
0.875922
0.876391
0.876861
0.877326
0.877792
0.878253
0.878715
0.879172
0.87963
0.880083
0.880537
0.880987
0.881437
0.881883
0.882329
0.88277
0.883212
0.88365
0.884089
0.884523
0.884959
0.88539
0.885822
0.88625
0.886678
0.887103
0.887528
0.887949
0.888371
0.888788
0.889207
0.889621
0.890037
0.890447
0.890859
0.891267
0.891675
0.89208
0.892485
0.892886
0.893287
0.893685
0.894083
0.894477
0.894873
0.895263
0.895655
0.896042
0.896431
0.896815
0.8972
0.89758
0.897962
0.898339
0.898718
0.899092
0.899467
0.899837
0.900209
0.900576
0.900944
0.901308
0.901673
0.902033
0.902395
0.902752
0.90311
0.903464
0.903819
0.904169
0.904521
0.904868
0.905216
0.90556
0.905904
0.906245
0.906586
0.906923
0.907261
0.907595
0.907929
0.90826
0.908591
0.908918
0.909246
0.909569
0.909894
0.910214
0.910535
0.910852
0.91117
0.911483
0.911798
0.912108
0.912419
0.912726
0.913034
0.913337
0.913642
0.913942
0.914243
0.914539
0.914837
0.915131
0.915425
0.915715
0.916006
0.916292
0.91658
0.916863
0.917148
0.917428
0.917709
0.917985
0.918263
0.918536
0.91881
0.91908
0.919351
0.919617
0.919885
0.920148
0.920412
0.920672
0.920933
0.921189
0.921446
0.921699
0.921953
0.922203
0.922454
0.9227
0.922948
0.92319
0.923435
0.923674
0.923915
0.924151
0.924388
0.924621
0.924855
0.925085
0.925315
0.925541
0.925769
0.925991
0.926215
0.926435
0.926655
0.926871
0.927089
0.927301
0.927515
0.927724
0.927935
0.928141
0.928348
0.928551
0.928754
0.928954
0.929154
0.92935
0.929547
0.92974
0.929933
0.930123
0.930313
0.930499
0.930686
0.930868
0.931053
0.931233
0.931416
0.931595
0.931777
0.931956
0.932137
0.932315
0.932496
0.932673
0.932853
0.93303
0.93321
0.933386
0.933565
0.933741
0.933919
0.934095
0.934272
0.934447
0.934624
0.934799
0.934975
0.935149
0.935325
0.935498
0.935674
0.935846
0.936021
0.936193
0.936368
0.936539
0.936713
0.936884
0.937057
0.937227
0.9374
0.93757
0.937742
0.937911
0.938083
0.938252
0.938423
0.938591
0.938761
0.938929
0.939099
0.939266
0.939435
0.939601
0.93977
0.939936
0.940104
0.94027
0.940437
0.940602
0.940769
0.940933
0.9411
0.941264
0.94143
0.941593
0.941758
0.941921
0.942085
0.942247
0.942412
0.942573
0.942737
0.942898
0.943061
0.943221
0.943384
0.943544
0.943706
0.943865
0.944026
0.944185
0.944346
0.944504
0.944664
0.944822
0.944982
0.945139
0.945298
0.945454
0.945613
0.945769
0.945927
0.946082
0.94624
0.946394
0.946551
0.946706
0.946862
0.947016
0.947172
0.947325
0.94748
0.947632
0.947787
0.947939
0.948093
0.948245
0.948398
0.948549
0.948702
0.948852
0.949005
0.949155
0.949307
0.949456
0.949607
0.949756
0.949907
0.950055
0.950205
0.950352
0.950502
0.950649
0.950798
0.950944
0.951093
0.951239
0.951387
0.951532
0.95168
0.951824
0.951971
0.952115
0.952262
0.952405
0.952551
0.952694
0.952839
0.952982
0.953126
0.953268
0.953412
0.953554
0.953697
0.953838
0.953981
0.954121
0.954264
0.954403
0.954545
0.954684
0.954826
0.954964
0.955105
0.955243
0.955383
0.955521
0.95566
0.955797
0.955936
0.956072
0.956211
0.956347
0.956485
0.95662
0.956757
0.956892
0.957029
0.957163
0.957299
0.957432
0.957568
0.957701
0.957836
0.957969
0.958103
0.958235
0.958369
0.9585
0.958634
0.958765
0.958898
0.959028
0.95916
0.95929
0.959422
0.95955
0.959682
0.95981
0.959941
0.960069
0.960199
0.960326
0.960456
0.960583
0.960712
0.960838
0.960966
0.961092
0.96122
0.961345
0.961472
0.961597
0.961724
0.961848
0.961974
0.962097
0.962223
0.962346
0.962471
0.962593
0.962718
0.962839
0.962964
0.963085
0.963208
0.963329
0.963452
0.963572
0.963694
0.963813
0.963935
0.964054
0.964175
0.964294
0.964414
0.964532
0.964652
0.96477
0.964889
0.965006
0.965125
0.965241
0.965359
0.965475
0.965593
0.965708
0.965825
0.965939
0.966056
0.96617
0.966286
0.9664
0.966515
0.966628
0.966743
0.966855
0.96697
0.967081
0.967195
0.967306
0.96742
0.96753
0.967643
0.967753
0.967865
0.967975
0.968087
0.968195
0.968307
0.968415
0.968525
0.968633
0.968743
0.96885
0.96896
0.969066
0.969175
0.969281
0.96939
0.969495
0.969603
0.969708
0.969815
0.96992
0.970026
0.97013
0.970236
0.97034
0.970445
0.970548
0.970653
0.970755
0.970859
0.970961
0.971065
0.971166
0.971269
0.97137
0.971472
0.971572
0.971675
0.971774
0.971876
0.971974
0.972075
0.972174
0.972274
0.972372
0.972472
0.972569
0.972668
0.972765
0.972864
0.97296
0.973058
0.973153
0.973251
0.973346
0.973443
0.973537
0.973634
0.973728
0.973824
0.973917
0.974013
0.974105
0.9742
0.974292
0.974387
0.974478
0.974572
0.974663
0.974756
0.974847
0.974939
0.975029
0.975121
0.97521
0.975302
0.975391
0.975482
0.97557
0.97566
0.975748
0.975838
0.975925
0.976014
0.976101
0.97619
0.976275
0.976364
0.976449
0.976537
0.976622
0.976709
0.976793
0.976879
0.976963
0.977049
0.977132
0.977218
0.9773
0.977385
0.977467
0.977551
0.977633
0.977717
0.977797
0.977881
0.977961
0.978044
0.978123
0.978206
0.978285
0.978366
0.978445
0.978526
0.978604
0.978684
0.978762
0.978842
0.978919
0.978998
0.979074
0.979153
0.979229
0.979307
0.979382
0.97946
0.979535
0.979612
0.979686
0.979762
0.979836
0.979912
0.979985
0.98006
0.980133
0.980208
0.98028
0.980354
0.980425
0.980499
0.98057
0.980643
0.980713
0.980786
0.980855
0.980927
0.980997
0.981068
0.981137
0.981208
0.981276
0.981346
0.981413
0.981483
0.98155
0.981619
0.981686
0.981754
0.98182
0.981888
0.981953
0.982021
0.982086
0.982153
0.982217
0.982283
0.982347
0.982412
0.982475
0.982541
0.982603
0.982668
0.98273
0.982794
0.982855
0.982919
0.98298
0.983043
0.983103
0.983165
0.983225
0.983287
0.983346
0.983407
0.983466
0.983527
0.983585
0.983645
0.983702
0.983762
0.983819
0.983878
0.983934
0.983993
0.984049
0.984107
0.984162
0.984219
0.984274
0.984331
0.984385
0.984441
0.984495
0.984551
0.984603
0.984659
0.984711
0.984766
0.984818
0.984872
0.984923
0.984977
0.985027
0.98508
0.98513
0.985183
0.985232
0.985284
0.985333
0.985385
0.985433
0.985484
0.985532
0.985582
0.985629
0.985679
0.985726
0.985775
0.985821
0.985869
0.985915
0.985963
0.986008
0.986056
0.9861
0.986147
0.986191
0.986237
0.986281
0.986326
0.986369
0.986414
0.986457
0.986501
0.986543
0.986587
0.986628
0.986672
0.986712
0.986755
0.986795
0.986838
0.986877
0.986919
0.986958
0.986999
0.987038
0.987078
0.987116
0.987156
0.987194
0.987233
0.98727
0.987309
0.987345
0.987384
0.987419
0.987457
0.987492
0.987529
0.987564
0.987601
0.987635
0.987671
0.987704
0.98774
0.987773
0.987808
0.98784
0.987875
0.987906
0.98794
0.987971
0.988005
0.988035
0.988068
0.988098
0.988131
0.98816
0.988192
0.988221
0.988252
0.98828
0.988311
0.988338
0.988369
0.988396
0.988425
0.988452
0.988481
0.988507
0.988535
0.988561
0.988589
0.988614
0.988641
0.988665
0.988692
0.988716
0.988742
0.988765
0.988791
0.988814
0.988839
0.988861
0.988885
0.988907
0.988931
0.988952
0.988975
0.988996
0.989019
0.989039
0.989061
0.98908
0.989102
0.989121
0.989142
0.98916
0.989181
0.989198
0.989218
0.989236
0.989255
0.989272
0.989291
0.989307
0.989325
0.98934
0.989358
0.989373
0.98939
0.989405
0.989421
0.989435
0.989451
0.989464
0.98948
0.989493
0.989508
0.98952
0.989534
0.989546
0.989559
0.98957
0.989584
0.989594
0.989607
0.989617
0.989629
0.989638
0.98965
0.989659
0.98967
0.989678
0.989688
0.989696
0.989706
0.989713
0.989722
0.989729
0.989738
0.989744
0.989752
0.989757
0.989765
0.98977
0.989777
0.989782
0.989789
0.989793
0.989801
0.989805
0.989812
0.989817
0.989824
0.989829
0.989836
0.98984
0.989848
0.989852
0.989859
0.989864
0.989871
0.989876
0.989883
0.989887
0.989895
0.989899
0.989906
0.989911
0.989918
0.989923
0.98993
0.989934
0.989942
0.989946
0.989953
0.989958
0.989965
0.98997
0.989977
0.989981
0.989989
0.989993
0.99
0.990005
0.990012
0.990017
0.990024
0.990028
0.990035
0.99004
0.990047
0.990052
0.990059
0.990064
0.990071
0.990075
0.990082
0.990087
0.990094
0.990099
0.990106
0.99011
0.990118
0.990122
0.990129
0.990134
0.990141
0.990146
0.990153
0.990157
0.990165
0.990169
0.990176
0.990181
0.990188
0.990193
0.9902
0.990204
0.990212
0.990216
0.990223
0.990228
0.990235
0.99024
0.990247
0.990251
0.990259
0.990263
0.99027
0.990275
