7
7.00005
7.0001
7.00014
7.00019
7.00024
7.00029
7.00034
7.00038
7.00043
7.00048
7.00053
7.00058
7.00063
7.00067
7.00072
7.00077
7.00082
7.00087
7.00092
7.00096
7.00101
7.00106
7.00111
7.00116
7.00121
7.00126
7.00131
7.00136
7.0014
7.00145
7.0015
7.00155
7.0016
7.00165
7.00169
7.00174
7.00179
7.00184
7.00189
7.00194
7.00198
7.00203
7.00208
7.00213
7.00218
7.00222
7.00227
7.00232
7.00237
7.00242
7.00246
7.00251
7.00256
7.00261
7.00266
7.0027
7.00275
7.0028
7.00285
7.0029
7.00295
7.00299
7.00304
7.00309
7.00314
7.00319
7.00324
7.00328
7.00333
7.00338
7.00343
7.00348
7.00353
7.00358
7.00363
7.00368
7.00372
7.00377
7.00382
7.00387
7.00392
7.00397
7.00401
7.00406
7.00411
7.00416
7.00421
7.00425
7.0043
7.00435
7.0044
7.00445
7.00449
7.00454
7.00459
7.00464
7.00469
7.00474
7.00478
7.00483
7.00488
7.00493
7.00498
7.00502
7.00507
7.00512
7.00517
7.00522
7.00527
7.00531
7.00536
7.00541
7.00546
7.00551
7.00556
7.00561
7.00566
7.0057
7.00575
7.0058
7.00585
7.0059
7.00595
7.006
7.00604
7.00609
7.00614
7.00619
7.00624
7.00628
7.00633
7.00638
7.00643
7.00648
7.00652
7.00657
7.00662
7.00667
7.00672
7.00677
7.00681
7.00686
7.00691
7.00696
7.00701
7.00705
7.0071
7.00715
7.0072
7.00725
7.0073
7.00734
7.00739
7.00744
7.00749
7.00754
7.00759
7.00764
7.00768
7.00773
7.00778
7.00783
7.00788
7.00793
7.00797
7.00802
7.00807
7.00812
7.00817
7.00822
7.00827
7.00831
7.00836
7.00841
7.00846
7.00851
7.00855
7.0086
7.00865
7.0087
7.00875
7.0088
7.00884
7.00889
7.00894
7.00899
7.00904
7.00909
7.00914
7.00918
7.00923
7.00928
7.00933
7.00938
7.00942
7.00947
7.00952
7.00957
7.00962
7.00967
7.00972
7.00976
7.00981
7.00986
7.00991
7.00996
7.01
7.01005
7.0101
7.01015
7.0102
7.01025
7.01029
7.01034
7.01039
7.01044
7.01049
7.01054
7.01059
7.01063
7.01068
7.01073
7.01078
7.01083
7.01087
7.01092
7.01097
7.01102
7.01107
7.01112
7.01116
7.01121
7.01126
7.01131
7.01136
7.01141
7.01145
7.0115
7.01155
7.0116
7.01165
7.0117
7.01175
7.01179
7.01184
7.01189
7.01194
7.01199
7.01204
7.01208
7.01213
7.01218
7.01223
7.01228
7.01233
7.01237
7.01242
7.01247
7.01252
7.01257
7.01262
7.01266
7.01271
7.01276
7.01281
7.01286
7.01291
7.01295
7.013
7.01305
7.0131
7.01315
7.01319
7.01324
7.01329
7.01334
7.01339
7.01344
7.01349
7.01353
7.01358
7.01363
7.01368
7.01373
7.01377
7.01382
7.01387
7.01392
7.01397
7.01402
7.01406
7.01411
7.01416
7.01421
7.01426
7.01431
7.01435
7.0144
7.01445
7.0145
7.01455
7.0146
7.01464
7.01469
7.01474
7.01479
7.01484
7.01489
7.01494
7.01498
7.01503
7.01508
7.01513
7.01518
7.01523
7.01527
7.01532
7.01537
7.01542
7.01547
7.01552
7.01556
7.01561
7.01566
7.01571
7.01576
7.0158
7.01585
7.0159
7.01595
7.016
7.01605
7.01609
7.01614
7.01619
7.01624
7.01629
7.01634
7.01638
7.01643
7.01648
7.01653
7.01658
7.01663
7.01667
7.01672
7.01677
7.01682
7.01687
7.01692
7.01696
7.01701
7.01706
7.01711
7.01716
7.01721
7.01725
7.0173
7.01735
7.0174
7.01745
7.0175
7.01754
7.01759
7.01764
7.01769
7.01774
7.01779
7.01784
7.01788
7.01793
7.01798
7.01803
7.01808
7.01812
7.01817
7.01822
7.01827
7.01832
7.01837
7.01842
7.01846
7.01851
7.01856
7.01861
7.01866
7.0187
7.01875
7.0188
7.01885
7.0189
7.01895
7.019
7.01904
7.01909
7.01914
7.01919
7.01924
7.01929
7.01933
7.01938
7.01943
7.01948
7.01953
7.01957
7.01962
7.01967
7.01972
7.01977
7.01982
7.01987
7.01991
7.01996
7.02001
7.02006
7.02011
7.02016
7.0202
7.02025
7.0203
7.02035
7.0204
7.02044
7.02049
7.02054
7.02059
7.02064
7.02069
7.02074
7.02078
7.02083
7.02088
7.02093
7.02098
7.02102
7.02107
7.02112
7.02117
7.02121
7.02126
7.02131
7.02136
7.0214
7.02145
7.0215
7.02155
7.02159
7.02164
7.02169
7.02173
7.02178
7.02183
7.02187
7.02192
7.02197
7.02201
7.02206
7.0221
7.02215
7.0222
7.02224
7.02229
7.02233
7.02238
7.02243
7.02247
7.02252
7.02257
7.02261
7.02266
7.02271
7.02275
7.0228
7.02285
7.02289
7.02294
7.02299
7.02303
7.02308
7.02313
7.02318
7.02322
7.02327
7.02332
7.02337
7.02341
7.02346
7.02351
7.02355
7.0236
7.02365
7.0237
7.02374
7.02379
7.02384
7.02388
7.02393
7.02398
7.02403
7.02407
7.02412
7.02416
7.02421
7.02426
7.0243
7.02435
7.0244
7.02445
7.02449
7.02454
7.02459
7.02463
7.02468
7.02473
7.02477
7.02482
7.02487
7.02491
7.02496
7.02501
7.02506
7.02511
7.02515
7.0252
7.02525
7.0253
7.02535
7.02539
7.02544
7.02549
7.02554
7.02559
7.02564
7.02568
7.02573
7.02578
7.02583
7.02588
7.02593
7.02597
7.02602
7.02607
7.02612
7.02617
7.02621
7.02626
7.02631
7.02635
7.0264
7.02645
7.02649
7.02654
7.02659
7.02663
7.02668
7.02673
7.02677
7.02682
7.02687
7.02691
7.02696
7.027
7.02705
7.0271
7.02714
7.02719
7.02723
7.02728
7.02732
7.02737
7.02741
7.02746
7.02751
7.02755
7.0276
7.02764
7.02768
7.02773
7.02777
7.02782
7.02786
7.02791
7.02795
7.028
7.02804
7.02809
7.02813
7.02817
7.02822
7.02826
7.02831
7.02835
7.02839
7.02844
7.02848
7.02853
7.02857
7.02861
7.02866
7.0287
7.02874
7.02879
7.02883
7.02888
7.02892
7.02896
7.02901
7.02905
7.02909
7.02914
7.02918
7.02923
7.02927
7.02931
7.02936
7.0294
7.02944
7.02949
7.02953
7.02957
7.02962
7.02966
7.02971
7.02975
7.02979
7.02984
7.02988
7.02992
7.02997
7.03001
7.03006
7.0301
7.03014
7.03019
7.03023
7.03028
7.03032
7.03036
7.03041
7.03045
7.0305
7.03054
7.03058
7.03063
7.03067
7.03071
7.03076
7.0308
7.03085
7.03089
7.03093
7.03098
7.03102
7.03107
7.03111
7.03115
7.0312
7.03124
7.03128
7.03133
7.03137
7.03142
7.03146
7.0315
7.03155
7.03159
7.03164
7.03168
7.03172
7.03177
7.03181
7.03185
7.0319
7.03194
7.03199
7.03203
7.03207
7.03212
7.03216
7.03221
7.03225
7.03229
7.03234
7.03238
7.03243
7.03247
7.03251
7.03256
7.0326
7.03265
7.03269
7.03274
7.03278
7.03282
7.03287
7.03291
7.03296
7.033
7.03305
7.03309
7.03314
7.03318
7.03322
7.03327
7.03331
7.03336
7.0334
7.03345
7.03349
7.03354
7.03358
7.03363
7.03367
7.03372
7.03376
7.03381
7.03385
7.0339
7.03394
7.03399
7.03403
7.03408
7.03413
7.03417
7.03422
7.03426
7.03431
7.03435
7.0344
7.03445
7.03449
7.03454
7.03458
7.03463
7.03468
7.03472
7.03477
7.03481
7.03486
7.03491
7.03495
7.035
7.03505
7.0351
7.03514
7.03519
7.03524
7.03528
7.03533
7.03538
7.03543
7.03547
7.03552
7.03557
7.03562
7.03567
7.03571
7.03576
7.03581
7.03586
7.0359
7.03595
7.03599
7.03604
7.03609
7.03613
7.03618
7.03623
7.03628
7.03633
7.03637
7.03642
7.03647
7.03652
7.03656
7.03661
7.03666
7.03671
7.03675
7.0368
7.03685
7.0369
7.03694
7.03699
7.03704
7.03708
7.03713
7.03718
7.03722
7.03727
7.03732
7.03736
7.03741
7.03746
7.0375
7.03755
7.0376
7.03764
7.03769
7.03773
7.03778
7.03783
7.03787
7.03792
7.03796
7.03801
7.03806
7.0381
7.03815
7.03819
7.03824
7.03828
7.03833
7.03838
7.03842
7.03847
7.03851
7.03856
7.0386
7.03865
7.03869
7.03874
7.03878
7.03883
7.03888
7.03892
7.03897
7.03901
7.03906
7.0391
7.03915
7.03919
7.03924
7.03928
7.03933
7.03937
7.03941
7.03946
7.0395
7.03955
7.03959
7.03964
7.03968
7.03973
7.03977
7.03982
7.03986
7.03991
7.03995
7.03999
7.04004
7.04008
7.04013
7.04017
7.04022
7.04026
7.0403
7.04035
7.04039
7.04044
7.04048
7.04053
7.04057
7.04061
7.04066
7.0407
7.04075
7.04079
7.04083
7.04088
7.04092
7.04097
7.04101
7.04105
7.0411
7.04114
7.04119
7.04123
7.04128
7.04132
7.04137
7.04141
7.04146
7.04151
7.04155
7.0416
7.04164
7.04168
7.04173
7.04177
7.04182
7.04186
7.04191
7.04196
7.042
7.04204
7.04209
7.04213
7.04218
7.04222
7.04227
7.04231
7.04236
7.0424
7.04245
7.04249
7.04254
7.04258
7.04263
7.04267
7.04272
7.04276
7.04281
7.04285
7.0429
7.04294
7.04299
7.04303
7.04308
7.04312
7.04316
7.04321
7.04325
7.0433
7.04334
7.04339
7.04343
7.04348
7.04352
7.04357
7.04361
7.04366
7.0437
7.04374
7.04379
7.04383
7.04388
7.04392
7.04397
7.04401
7.04406
7.0441
7.04414
7.04419
7.04423
7.04428
7.04432
7.04437
7.04441
7.04445
7.0445
7.04454
7.04459
7.04463
7.04468
7.04472
7.04476
7.04481
7.04485
7.0449
7.04494
7.04498
7.04503
7.04507
7.04512
7.04516
7.0452
7.04525
7.04529
7.04534
7.04538
7.04542
7.04547
7.04551
7.04556
7.0456
7.04564
7.04569
7.04573
7.04577
7.04582
7.04586
7.04591
7.04595
7.04599
7.04604
7.04608
7.04613
7.04617
7.04621
7.04626
7.0463
7.04635
7.04639
7.04643
7.04648
7.04652
7.04657
7.04661
7.04665
7.0467
7.04674
7.04679
7.04683
7.04687
7.04692
7.04696
7.047
7.04705
7.04709
7.04713
7.04718
7.04722
7.04727
7.04731
7.04735
7.0474
7.04744
7.04748
7.04753
7.04757
7.04761
7.04766
7.0477
7.04774
7.04779
7.04783
7.04787
7.04792
7.04796
7.048
7.04805
7.04809
7.04813
7.04818
7.04822
7.04826
7.04831
7.04835
7.04839
7.04843
7.04848
7.04852
7.04856
7.04861
7.04865
7.04869
7.04874
7.04878
7.04882
7.04886
7.04891
7.04895
7.04899
7.04904
7.04908
7.04912
7.04917
7.04921
7.04925
7.04929
7.04934
7.04938
7.04942
7.04946
7.04951
7.04955
7.04959
7.04964
7.04968
7.04972
7.04976
7.04981
7.04985
7.04989
7.04993
7.04998
7.05002
7.05006
7.05011
7.05015
7.05019
7.05023
7.05028
7.05032
7.05036
7.0504
7.05045
7.05049
7.05053
7.05057
7.05062
7.05066
7.0507
7.05074
7.05079
7.05083
7.05087
7.05091
7.05096
7.051
7.05104
7.05108
7.05113
7.05117
7.05121
7.05125
7.0513
7.05134
7.05138
7.05142
7.05147
7.05151
7.05155
7.05159
7.05164
7.05168
7.05172
7.05176
7.05181
7.05185
7.05189
7.05193
7.05198
7.05202
7.05206
7.0521
7.05215
7.05219
7.05223
7.05227
7.05232
7.05236
7.0524
7.05244
7.05249
7.05253
7.05257
7.05261
7.05265
7.0527
7.05274
7.05278
7.05282
7.05287
7.05291
7.05295
7.05299
7.05304
7.05308
7.05312
7.05316
7.05321
7.05325
7.05329
7.05333
7.05337
7.05342
7.05346
7.0535
7.05354
7.05359
7.05363
7.05367
7.05371
7.05376
7.0538
7.05384
7.05388
7.05392
7.05397
7.05401
7.05405
7.05409
7.05414
7.05418
7.05422
7.05426
7.05431
7.05435
7.05439
7.05443
7.05447
7.05452
7.05456
7.0546
7.05464
7.05469
7.05473
7.05477
7.05481
7.05485
7.0549
7.05494
7.05498
7.05502
7.05507
7.05511
7.05515
7.05519
7.05523
7.05528
7.05532
7.05536
7.0554
7.05545
7.05549
7.05553
7.05557
7.05561
7.05566
7.0557
7.05574
7.05578
7.05583
7.05587
7.05591
7.05595
7.05599
7.05604
7.05608
7.05612
7.05616
7.0562
7.05625
7.05629
7.05633
7.05637
7.05642
7.05646
7.0565
7.05654
7.05658
7.05663
7.05667
7.05671
7.05675
7.05679
7.05684
7.05688
7.05692
7.05696
7.05701
7.05705
7.05709
7.05713
7.05717
7.05722
7.05726
7.0573
7.05734
7.05738
7.05743
7.05747
7.05751
7.05755
7.0576
7.05764
7.05768
7.05772
7.05776
7.05781
7.05785
7.05789
7.05793
7.05797
7.05802
7.05806
7.0581
7.05814
7.05818
7.05823
7.05827
7.05831
7.05835
7.05839
7.05844
7.05848
7.05852
7.05856
7.05861
7.05865
7.05869
7.05873
7.05877
7.05882
7.05886
7.0589
7.05894
7.05898
7.05903
7.05907
7.05911
7.05915
7.05919
7.05924
7.05928
7.05932
7.05936
7.0594
7.05945
7.05949
7.05953
7.05957
7.05961
7.05966
7.0597
7.05974
7.05978
7.05983
7.05987
7.05991
7.05995
7.05999
7.06004
7.06008
7.06012
7.06016
7.0602
7.06025
7.06029
7.06033
7.06037
7.06041
7.06046
7.0605
7.06054
7.06058
7.06062
7.06067
7.06071
7.06075
7.06079
7.06083
7.06088
7.06092
7.06096
7.061
7.06104
7.06109
7.06113
7.06117
7.06121
7.06125
7.0613
7.06134
7.06138
7.06142
7.06147
7.06151
7.06155
7.06159
7.06163
7.06168
7.06172
7.06176
7.0618
7.06184
7.06189
7.06193
7.06197
7.06201
7.06205
7.0621
7.06214
7.06218
7.06222
7.06226
7.06231
7.06235
7.06239
7.06243
7.06247
7.06252
7.06256
7.0626
7.06264
7.06268
7.06273
7.06277
7.06281
7.06285
7.06289
7.06294
7.06298
7.06302
7.06306
7.06311
7.06315
7.06319
7.06323
7.06327
7.06332
7.06336
7.0634
7.06344
7.06348
7.06353
7.06357
7.06361
7.06365
7.06369
7.06374
7.06378
7.06382
7.06386
7.0639
7.06395
7.06399
7.06403
7.06407
7.06411
7.06416
7.0642
7.06424
7.06428
7.06432
7.06437
7.06441
7.06445
7.06449
7.06453
7.06458
7.06462
7.06466
7.0647
7.06474
7.06479
7.06483
7.06487
7.06491
7.06495
7.065
7.06504
7.06508
7.06512
7.06517
7.06521
7.06525
7.06529
7.06533
7.06538
7.06542
7.06546
7.0655
7.06554
7.06559
7.06563
7.06567
7.06571
7.06575
7.0658
7.06584
7.06588
7.06592
7.06596
7.06601
7.06605
7.06609
7.06613
7.06617
7.06622
7.06626
7.0663
7.06634
7.06638
7.06643
7.06647
7.06651
7.06655
7.06659
7.06664
7.06668
7.06672
7.06676
7.0668
7.06685
7.06689
7.06693
7.06697
7.06701
7.06706
7.0671
7.06714
7.06718
7.06722
7.06727
7.06731
7.06735
7.06739
7.06743
7.06748
7.06752
7.06756
7.0676
7.06764
7.06769
7.06773
7.06777
7.06781
7.06786
7.0679
7.06794
7.06798
7.06802
7.06807
7.06811
7.06815
7.06819
7.06823
7.06828
7.06832
7.06836
7.0684
7.06844
7.06849
7.06853
7.06857
7.06861
7.06865
7.0687
7.06874
7.06878
7.06882
7.06886
7.06891
7.06895
7.06899
7.06903
7.06907
7.06912
7.06916
7.0692
7.06924
7.06928
7.06933
7.06937
7.06941
7.06945
7.06949
7.06954
7.06958
7.06962
7.06966
7.0697
7.06975
7.06979
7.06983
7.06987
7.06991
7.06996
7.07
7.07004
7.07008
7.07012
7.07017
7.07021
7.07025
7.07029
7.07033
7.07038
7.07042
7.07046
7.0705
7.07054
7.07059
7.07063
7.07067
7.07071
7.07075
7.0708
7.07084
7.07088
7.07092
7.07096
7.07101
7.07105
7.07109
7.07113
7.07117
7.07122
7.07126
7.0713
7.07134
7.07139
7.07143
7.07147
7.07151
7.07155
7.0716
7.07164
7.07168
7.07172
7.07176
7.07181
7.07185
7.07189
7.07193
7.07197
7.07202
7.07206
7.0721
7.07214
7.07218
7.07223
7.07227
7.07231
7.07235
7.07239
7.07244
7.07248
7.07252
7.07256
7.0726
7.07265
7.07269
7.07273
7.07277
7.07281
7.07286
7.0729
7.07294
7.07298
7.07302
7.07307
7.07311
7.07315
7.07319
7.07323
7.07328
7.07332
7.07336
7.0734
7.07344
7.07349
7.07353
7.07357
7.07361
7.07365
7.0737
7.07374
7.07378
7.07382
7.07386
7.07391
7.07395
7.07399
7.07403
7.07407
7.07412
7.07416
7.0742
7.07424
7.07428
7.07433
7.07437
7.07441
7.07445
7.07449
7.07454
7.07458
7.07462
7.07466
7.0747
7.07475
7.07479
7.07483
7.07487
7.07491
7.07496
7.075
7.07504
7.07508
7.07512
7.07517
7.07521
7.07525
7.07529
7.07533
7.07538
7.07542
7.07546
7.0755
7.07554
7.07559
7.07563
7.07567
7.07571
7.07575
7.0758
7.07584
7.07588
7.07592
7.07596
7.07601
7.07605
7.07609
7.07613
7.07617
7.07622
7.07626
7.0763
7.07634
7.07638
7.07643
7.07647
7.07651
7.07655
7.07659
7.07664
7.07668
7.07672
7.07676
7.0768
7.07685
7.07689
7.07693
7.07697
7.07701
7.07706
7.0771
7.07714
7.07718
7.07722
7.07727
7.07731
7.07735
7.07739
7.07743
7.07748
7.07752
7.07756
7.0776
7.07764
7.07769
7.07773
7.07777
7.07781
7.07785
7.0779
7.07794
7.07798
7.07802
7.07806
7.07811
7.07815
7.07819
7.07823
7.07827
7.07832
7.07836
7.0784
7.07844
7.07848
7.07853
7.07857
7.07861
7.07865
7.07869
7.07874
7.07878
7.07882
7.07886
7.0789
7.07895
7.07899
7.07903
7.07907
7.07911
7.07916
7.0792
7.07924
7.07928
7.07932
7.07937
7.07941
7.07945
7.07949
7.07953
7.07958
7.07962
7.07966
7.0797
7.07974
7.07979
7.07983
7.07987
7.07991
7.07995
7.08
7.08004
7.08008
7.08012
7.08016
7.08021
7.08025
7.08029
7.08033
7.08037
7.08042
7.08046
7.0805
7.08054
7.08059
7.08063
7.08067
7.08071
7.08075
7.0808
7.08084
7.08088
7.08092
7.08096
7.08101
7.08105
7.08109
7.08113
7.08117
7.08122
7.08126
7.0813
7.08134
7.08138
7.08143
7.08147
7.08151
7.08155
7.08159
7.08164
7.08168
7.08172
7.08176
7.0818
7.08185
7.08189
7.08193
7.08197
7.08201
7.08206
7.0821
7.08214
7.08218
7.08222
7.08227
7.08231
7.08235
7.08239
7.08243
7.08248
7.08252
7.08256
7.0826
7.08264
7.08269
7.08273
7.08277
7.08281
7.08285
7.0829
7.08294
7.08298
7.08302
7.08306
7.08311
7.08315
7.08319
7.08323
7.08327
7.08332
7.08336
7.0834
7.08344
7.08348
7.08353
7.08357
7.08361
7.08365
7.08369
7.08374
7.08378
7.08382
7.08386
7.0839
7.08395
7.08399
7.08403
7.08407
7.08411
7.08416
7.0842
7.08424
7.08428
7.08432
7.08437
7.08441
7.08445
7.08449
7.08453
7.08458
7.08462
7.08466
7.0847
7.08474
7.08479
7.08483
7.08487
7.08491
7.08495
7.085
7.08504
7.08508
7.08512
7.08516
7.08521
7.08525
7.08529
7.08533
7.08537
7.08542
7.08546
7.0855
7.08554
7.08558
7.08563
7.08567
7.08571
7.08575
7.08579
7.08584
7.08588
7.08592
7.08596
7.086
7.08605
7.08609
7.08613
7.08617
7.08621
7.08626
7.0863
7.08634
7.08638
7.08642
7.08647
7.08651
7.08655
7.08659
7.08663
7.08668
7.08672
7.08676
7.0868
7.08684
7.08689
7.08693
7.08697
7.08701
7.08705
7.0871
7.08714
7.08718
7.08722
7.08726
7.08731
7.08735
7.08739
7.08743
7.08747
7.08752
7.08756
7.0876
7.08764
7.08768
7.08773
7.08777
7.08781
7.08785
7.08789
7.08794
7.08798
7.08802
7.08806
7.0881
7.08815
7.08819
7.08823
7.08827
7.08831
7.08836
7.0884
7.08844
7.08848
7.08852
7.08857
7.08861
7.08865
7.08869
7.08873
7.08878
7.08882
